2 0.10993E+04	0.10744E+04
3 0.10389E+04	0.10163E+04
4 0.97792E+03	0.95848E+03
5 0.92957E+03	0.91356E+03
6 0.89389E+03	0.88131E+03
7 0.86897E+03	0.85954E+03
8 0.85233E+03	0.84557E+03
9 0.84207E+03	0.83764E+03
10 0.83687E+03	0.83443E+03
11 0.83535E+03	0.83444E+03
12 0.83766E+03	0.83800E+03
13 0.84198E+03	0.84338E+03
14 0.84737E+03	0.84967E+03
15 0.85417E+03	0.85723E+03
16 0.86286E+03	0.86652E+03
17 0.87328E+03	0.87746E+03
18 0.88443E+03	0.88912E+03
19 0.89714E+03	0.90232E+03
20 0.90976E+03	0.91537E+03
21 0.92262E+03	0.92865E+03
22 0.93601E+03	0.94244E+03
23 0.94975E+03	0.95657E+03
24 0.96390E+03	0.97108E+03
25 0.97839E+03	0.98594E+03
26 0.99304E+03	0.10010E+04
27 0.10081E+04	0.10164E+04
28 0.10233E+04	0.10321E+04
29 0.10389E+04	0.10480E+04
30 0.10546E+04	0.10642E+04
31 0.10705E+04	0.10805E+04
32 0.10867E+04	0.10972E+04
33 0.11032E+04	0.11142E+04
34 0.11199E+04	0.11314E+04
35 0.11367E+04	0.11487E+04
36 0.11536E+04	0.11660E+04
37 0.11706E+04	0.11835E+04
38 0.11880E+04	0.12013E+04
39 0.12058E+04	0.12196E+04
40 0.12237E+04	0.12379E+04
41 0.12417E+04	0.12564E+04
42 0.12598E+04	0.12749E+04
43 0.12780E+04	0.12936E+04
44 0.12961E+04	0.13122E+04
45 0.13146E+04	0.13313E+04
46 0.13333E+04	0.13505E+04
47 0.13522E+04	0.13700E+04
48 0.13711E+04	0.13895E+04
49 0.13902E+04	0.14091E+04
50 0.14096E+04	0.14292E+04
51 0.14292E+04	0.14494E+04
52 0.14492E+04	0.14699E+04
53 0.14692E+04	0.14905E+04
54 0.14891E+04	0.15110E+04
55 0.15092E+04	0.15316E+04
56 0.15296E+04	0.15526E+04
57 0.15503E+04	0.15739E+04
58 0.15713E+04	0.15954E+04
59 0.15925E+04	0.16171E+04
60 0.16138E+04	0.16390E+04
61 0.16355E+04	0.16614E+04
62 0.16571E+04	0.16836E+04
63 0.16788E+04	0.17059E+04
64 0.17009E+04	0.17287E+04
65 0.17230E+04	0.17514E+04
66 0.17455E+04	0.17745E+04
67 0.17681E+04	0.17978E+04
68 0.17912E+04	0.18215E+04
69 0.18144E+04	0.18454E+04
70 0.18379E+04	0.18696E+04
71 0.18616E+04	0.18939E+04
72 0.18854E+04	0.19184E+04
73 0.19094E+04	0.19430E+04
74 0.19336E+04	0.19679E+04
75 0.19581E+04	0.19930E+04
76 0.19829E+04	0.20185E+04
77 0.20080E+04	0.20443E+04
78 0.20335E+04	0.20705E+04
79 0.20591E+04	0.20968E+04
80 0.20850E+04	0.21234E+04
81 0.21111E+04	0.21502E+04
82 0.21375E+04	0.21773E+04
83 0.21640E+04	0.22045E+04
84 0.21908E+04	0.22321E+04
85 0.22178E+04	0.22597E+04
86 0.22449E+04	0.22875E+04
87 0.22724E+04	0.23158E+04
88 0.23000E+04	0.23441E+04
89 0.23278E+04	0.23727E+04
90 0.23559E+04	0.24016E+04
91 0.23842E+04	0.24306E+04
92 0.24127E+04	0.24599E+04
93 0.24415E+04	0.24894E+04
94 0.24704E+04	0.25191E+04
95 0.24996E+04	0.25490E+04
96 0.25287E+04	0.25789E+04
97 0.25583E+04	0.26093E+04
98 0.25881E+04	0.26399E+04
99 0.26180E+04	0.26706E+04
100 0.26482E+04	0.27016E+04
101 0.26786E+04	0.27327E+04
102 0.27094E+04	0.27644E+04
103 0.27402E+04	0.27960E+04
104 0.27712E+04	0.28278E+04
105 0.28024E+04	0.28597E+04
106 0.28338E+04	0.28919E+04
107 0.28651E+04	0.29241E+04
108 0.28968E+04	0.29566E+04
109 0.29287E+04	0.29893E+04
110 0.29606E+04	0.30220E+04
111 0.29927E+04	0.30550E+04
112 0.30250E+04	0.30881E+04
113 0.30575E+04	0.31214E+04
114 0.30900E+04	0.31548E+04
115 0.31228E+04	0.31884E+04
116 0.31556E+04	0.32221E+04
117 0.31887E+04	0.32560E+04
118 0.32220E+04	0.32901E+04
119 0.32553E+04	0.33242E+04
120 0.32887E+04	0.33585E+04
121 0.33221E+04	0.33927E+04
122 0.33555E+04	0.34270E+04
123 0.33891E+04	0.34614E+04
124 0.34227E+04	0.34959E+04
125 0.34563E+04	0.35304E+04
126 0.34899E+04	0.35649E+04
127 0.35236E+04	0.35994E+04
128 0.35573E+04	0.36339E+04
129 0.35910E+04	0.36685E+04
130 0.36247E+04	0.37031E+04
131 0.36584E+04	0.37376E+04
132 0.36921E+04	0.37723E+04
133 0.37258E+04	0.38068E+04
134 0.37595E+04	0.38413E+04
135 0.37931E+04	0.38758E+04
136 0.38266E+04	0.39102E+04
137 0.38601E+04	0.39445E+04
138 0.38935E+04	0.39788E+04
139 0.39267E+04	0.40128E+04
140 0.39599E+04	0.40469E+04
141 0.39929E+04	0.40808E+04
142 0.40259E+04	0.41146E+04
143 0.40589E+04	0.41484E+04
144 0.40916E+04	0.41820E+04
145 0.41242E+04	0.42154E+04
146 0.41568E+04	0.42489E+04
147 0.41891E+04	0.42820E+04
148 0.42212E+04	0.43150E+04
149 0.42533E+04	0.43479E+04
150 0.42851E+04	0.43805E+04
151 0.43167E+04	0.44129E+04
152 0.43480E+04	0.44451E+04
153 0.43792E+04	0.44771E+04
154 0.44102E+04	0.45089E+04
155 0.44410E+04	0.45404E+04
156 0.44714E+04	0.45716E+04
157 0.45017E+04	0.46027E+04
158 0.45317E+04	0.46335E+04
159 0.45614E+04	0.46640E+04
160 0.45909E+04	0.46943E+04
161 0.46202E+04	0.47244E+04
162 0.46492E+04	0.47541E+04
163 0.46780E+04	0.47837E+04
164 0.47064E+04	0.48129E+04
165 0.47346E+04	0.48418E+04
166 0.47626E+04	0.48705E+04
167 0.47903E+04	0.48989E+04
168 0.48175E+04	0.49269E+04
169 0.48445E+04	0.49546E+04
170 0.48711E+04	0.49820E+04
171 0.48973E+04	0.50089E+04
172 0.49231E+04	0.50354E+04
173 0.49485E+04	0.50614E+04
174 0.49735E+04	0.50872E+04
175 0.49982E+04	0.51125E+04
176 0.50223E+04	0.51373E+04
177 0.50461E+04	0.51617E+04
178 0.50694E+04	0.51857E+04
179 0.50922E+04	0.52092E+04
180 0.51148E+04	0.52323E+04
181 0.51368E+04	0.52550E+04
182 0.51584E+04	0.52771E+04
183 0.51794E+04	0.52988E+04
184 0.52001E+04	0.53200E+04
185 0.52203E+04	0.53408E+04
186 0.52397E+04	0.53608E+04
187 0.52589E+04	0.53806E+04
188 0.52776E+04	0.53999E+04
189 0.52957E+04	0.54185E+04
190 0.53137E+04	0.54370E+04
191 0.53308E+04	0.54546E+04
192 0.53475E+04	0.54718E+04
193 0.53636E+04	0.54884E+04
194 0.53793E+04	0.55046E+04
195 0.53945E+04	0.55202E+04
196 0.54090E+04	0.55353E+04
197 0.54232E+04	0.55498E+04
198 0.54368E+04	0.55638E+04
199 0.54498E+04	0.55773E+04
200 0.54624E+04	0.55903E+04
201 0.54744E+04	0.56027E+04
202 0.54858E+04	0.56145E+04
203 0.54967E+04	0.56257E+04
204 0.55069E+04	0.56363E+04
205 0.55166E+04	0.56463E+04
206 0.55257E+04	0.56557E+04
207 0.55342E+04	0.56645E+04
208 0.55420E+04	0.56726E+04
209 0.55491E+04	0.56801E+04
210 0.55557E+04	0.56869E+04
211 0.55618E+04	0.56932E+04
212 0.55670E+04	0.56987E+04
213 0.55718E+04	0.57037E+04
214 0.55759E+04	0.57080E+04
215 0.55794E+04	0.57117E+04
216 0.55822E+04	0.57147E+04
217 0.55845E+04	0.57172E+04
218 0.55862E+04	0.57190E+04
219 0.55873E+04	0.57203E+04
220 0.55877E+04	0.57209E+04
221 0.55876E+04	0.57209E+04
222 0.55869E+04	0.57203E+04
223 0.55855E+04	0.57189E+04
224 0.55836E+04	0.57171E+04
225 0.55811E+04	0.57146E+04
226 0.55779E+04	0.57115E+04
227 0.55741E+04	0.57078E+04
228 0.55698E+04	0.57035E+04
229 0.55649E+04	0.56986E+04
230 0.55593E+04	0.56930E+04
231 0.55531E+04	0.56867E+04
232 0.55463E+04	0.56799E+04
233 0.55390E+04	0.56725E+04
234 0.55309E+04	0.56643E+04
235 0.55223E+04	0.56557E+04
236 0.55130E+04	0.56463E+04
237 0.55031E+04	0.56363E+04
238 0.54927E+04	0.56257E+04
239 0.54817E+04	0.56146E+04
240 0.54700E+04	0.56028E+04
241 0.54578E+04	0.55904E+04
242 0.54451E+04	0.55775E+04
243 0.54317E+04	0.55640E+04
244 0.54178E+04	0.55498E+04
245 0.54033E+04	0.55351E+04
246 0.53882E+04	0.55198E+04
247 0.53727E+04	0.55040E+04
248 0.53565E+04	0.54876E+04
249 0.53399E+04	0.54707E+04
250 0.53227E+04	0.54532E+04
251 0.53051E+04	0.54353E+04
252 0.52868E+04	0.54166E+04
253 0.52682E+04	0.53977E+04
254 0.52490E+04	0.53781E+04
255 0.52293E+04	0.53581E+04
256 0.52091E+04	0.53375E+04
257 0.51885E+04	0.53166E+04
258 0.51674E+04	0.52950E+04
259 0.51459E+04	0.52731E+04
260 0.51239E+04	0.52507E+04
261 0.51015E+04	0.52278E+04
262 0.50785E+04	0.52044E+04
263 0.50554E+04	0.51808E+04
264 0.50317E+04	0.51567E+04
265 0.50075E+04	0.51320E+04
266 0.49830E+04	0.51070E+04
267 0.49580E+04	0.50814E+04
268 0.49326E+04	0.50555E+04
269 0.49067E+04	0.50291E+04
270 0.48806E+04	0.50024E+04
271 0.48540E+04	0.49753E+04
272 0.48273E+04	0.49479E+04
273 0.48000E+04	0.49201E+04
274 0.47725E+04	0.48920E+04
275 0.47446E+04	0.48635E+04
276 0.47165E+04	0.48348E+04
277 0.46880E+04	0.48057E+04
278 0.46592E+04	0.47763E+04
279 0.46302E+04	0.47466E+04
280 0.46008E+04	0.47166E+04
281 0.45714E+04	0.46865E+04
282 0.45414E+04	0.46559E+04
283 0.45114E+04	0.46251E+04
284 0.44811E+04	0.45942E+04
285 0.44506E+04	0.45630E+04
286 0.44198E+04	0.45315E+04
287 0.43887E+04	0.44998E+04
288 0.43576E+04	0.44679E+04
289 0.43262E+04	0.44358E+04
290 0.42947E+04	0.44035E+04
291 0.42630E+04	0.43711E+04
292 0.42309E+04	0.43383E+04
293 0.41990E+04	0.43056E+04
294 0.41667E+04	0.42726E+04
295 0.41346E+04	0.42397E+04
296 0.41021E+04	0.42065E+04
297 0.40696E+04	0.41732E+04
298 0.40368E+04	0.41397E+04
299 0.40041E+04	0.41062E+04
300 0.39712E+04	0.40725E+04
301 0.39383E+04	0.40388E+04
302 0.39053E+04	0.40050E+04
303 0.38723E+04	0.39712E+04
304 0.38392E+04	0.39373E+04
305 0.38062E+04	0.39035E+04
306 0.37730E+04	0.38695E+04
307 0.37399E+04	0.38356E+04
308 0.37068E+04	0.38016E+04
309 0.36737E+04	0.37677E+04
310 0.36406E+04	0.37338E+04
311 0.36075E+04	0.36999E+04
312 0.35746E+04	0.36661E+04
313 0.35416E+04	0.36323E+04
314 0.35087E+04	0.35986E+04
315 0.34759E+04	0.35650E+04
316 0.34432E+04	0.35314E+04
317 0.34105E+04	0.34980E+04
318 0.33780E+04	0.34646E+04
319 0.33456E+04	0.34313E+04
320 0.33133E+04	0.33982E+04
321 0.32811E+04	0.33652E+04
322 0.32491E+04	0.33323E+04
323 0.32172E+04	0.32996E+04
324 0.31854E+04	0.32670E+04
325 0.31539E+04	0.32347E+04
326 0.31225E+04	0.32024E+04
327 0.30913E+04	0.31704E+04
328 0.30603E+04	0.31386E+04
329 0.30295E+04	0.31069E+04
330 0.29989E+04	0.30755E+04
331 0.29686E+04	0.30443E+04
332 0.29384E+04	0.30134E+04
333 0.29085E+04	0.29826E+04
334 0.28789E+04	0.29522E+04
335 0.28494E+04	0.29219E+04
336 0.28202E+04	0.28919E+04
337 0.27913E+04	0.28622E+04
338 0.27626E+04	0.28327E+04
339 0.27343E+04	0.28036E+04
340 0.27063E+04	0.27747E+04
341 0.26784E+04	0.27461E+04
342 0.26509E+04	0.27178E+04
343 0.26237E+04	0.26899E+04
344 0.25969E+04	0.26623E+04
345 0.25703E+04	0.26349E+04
346 0.25441E+04	0.26080E+04
347 0.25182E+04	0.25813E+04
348 0.24927E+04	0.25550E+04
349 0.24674E+04	0.25290E+04
350 0.24425E+04	0.25033E+04
351 0.24181E+04	0.24782E+04
352 0.23939E+04	0.24533E+04
353 0.23701E+04	0.24288E+04
354 0.23466E+04	0.24046E+04
355 0.23236E+04	0.23808E+04
356 0.23009E+04	0.23575E+04
357 0.22786E+04	0.23345E+04
358 0.22568E+04	0.23119E+04
359 0.22352E+04	0.22897E+04
360 0.22141E+04	0.22679E+04
361 0.21933E+04	0.22465E+04
362 0.21730E+04	0.22255E+04
363 0.21530E+04	0.22049E+04
364 0.21335E+04	0.21848E+04
365 0.21144E+04	0.21650E+04
366 0.20957E+04	0.21457E+04
367 0.20774E+04	0.21268E+04
368 0.20594E+04	0.21083E+04
369 0.20421E+04	0.20903E+04
370 0.20251E+04	0.20727E+04
371 0.20084E+04	0.20555E+04
372 0.19922E+04	0.20387E+04
373 0.19765E+04	0.20224E+04
374 0.19611E+04	0.20065E+04
375 0.19462E+04	0.19910E+04
376 0.19317E+04	0.19761E+04
377 0.19177E+04	0.19615E+04
378 0.19041E+04	0.19474E+04
379 0.18909E+04	0.19337E+04
380 0.18782E+04	0.19205E+04
381 0.18659E+04	0.19077E+04
382 0.18540E+04	0.18953E+04
383 0.18426E+04	0.18834E+04
384 0.18316E+04	0.18721E+04
385 0.18210E+04	0.18610E+04
386 0.18109E+04	0.18504E+04
387 0.18012E+04	0.18403E+04
388 0.17918E+04	0.18305E+04
389 0.17830E+04	0.18213E+04
390 0.17746E+04	0.18125E+04
391 0.17666E+04	0.18041E+04
392 0.17589E+04	0.17961E+04
393 0.17518E+04	0.17886E+04
394 0.17451E+04	0.17815E+04
395 0.17387E+04	0.17748E+04
396 0.17329E+04	0.17686E+04
397 0.17273E+04	0.17627E+04
398 0.17222E+04	0.17574E+04
399 0.17175E+04	0.17524E+04
400 0.17132E+04	0.17477E+04
401 0.17093E+04	0.17436E+04
402 0.17059E+04	0.17399E+04
403 0.17028E+04	0.17365E+04
404 0.17001E+04	0.17336E+04
405 0.16978E+04	0.17311E+04
406 0.16958E+04	0.17288E+04
407 0.16942E+04	0.17271E+04
408 0.16931E+04	0.17257E+04
409 0.16923E+04	0.17248E+04
410 0.16919E+04	0.17241E+04
411 0.16918E+04	0.17239E+04
412 0.16921E+04	0.17241E+04
413 0.16928E+04	0.17245E+04
414 0.16937E+04	0.17253E+04
415 0.16950E+04	0.17266E+04
416 0.16967E+04	0.17281E+04
417 0.16987E+04	0.17299E+04
418 0.17010E+04	0.17321E+04
419 0.17036E+04	0.17347E+04
420 0.17066E+04	0.17376E+04
421 0.17099E+04	0.17409E+04
422 0.17136E+04	0.17444E+04
423 0.17174E+04	0.17482E+04
424 0.17215E+04	0.17523E+04
425 0.17260E+04	0.17567E+04
426 0.17308E+04	0.17615E+04
427 0.17358E+04	0.17665E+04
428 0.17411E+04	0.17717E+04
429 0.17466E+04	0.17772E+04
430 0.17524E+04	0.17831E+04
431 0.17585E+04	0.17892E+04
432 0.17648E+04	0.17955E+04
433 0.17713E+04	0.18021E+04
434 0.17781E+04	0.18088E+04
435 0.17850E+04	0.18158E+04
436 0.17923E+04	0.18231E+04
437 0.17997E+04	0.18306E+04
438 0.18073E+04	0.18383E+04
439 0.18152E+04	0.18463E+04
440 0.18233E+04	0.18544E+04
441 0.18315E+04	0.18627E+04
442 0.18398E+04	0.18711E+04
443 0.18484E+04	0.18799E+04
444 0.18572E+04	0.18887E+04
445 0.18661E+04	0.18977E+04
446 0.18750E+04	0.19068E+04
447 0.18842E+04	0.19161E+04
448 0.18935E+04	0.19255E+04
449 0.19029E+04	0.19351E+04
450 0.19126E+04	0.19449E+04
451 0.19222E+04	0.19547E+04
452 0.19320E+04	0.19646E+04
453 0.19420E+04	0.19748E+04
454 0.19519E+04	0.19849E+04
455 0.19620E+04	0.19951E+04
456 0.19722E+04	0.20055E+04
457 0.19824E+04	0.20159E+04
458 0.19927E+04	0.20264E+04
459 0.20031E+04	0.20370E+04
460 0.20136E+04	0.20477E+04
461 0.20240E+04	0.20583E+04
462 0.20346E+04	0.20691E+04
463 0.20451E+04	0.20798E+04
464 0.20556E+04	0.20905E+04
465 0.20661E+04	0.21013E+04
466 0.20767E+04	0.21121E+04
467 0.20874E+04	0.21230E+04
468 0.20980E+04	0.21338E+04
469 0.21086E+04	0.21446E+04
470 0.21193E+04	0.21555E+04
471 0.21297E+04	0.21662E+04
472 0.21403E+04	0.21770E+04
473 0.21508E+04	0.21878E+04
474 0.21613E+04	0.21985E+04
475 0.21718E+04	0.22093E+04
476 0.21822E+04	0.22199E+04
477 0.21924E+04	0.22304E+04
478 0.22027E+04	0.22410E+04
479 0.22129E+04	0.22514E+04
480 0.22231E+04	0.22618E+04
481 0.22331E+04	0.22721E+04
482 0.22432E+04	0.22825E+04
483 0.22530E+04	0.22926E+04
484 0.22627E+04	0.23025E+04
485 0.22725E+04	0.23125E+04
486 0.22821E+04	0.23224E+04
487 0.22915E+04	0.23321E+04
488 0.23009E+04	0.23417E+04
489 0.23101E+04	0.23512E+04
490 0.23193E+04	0.23606E+04
491 0.23282E+04	0.23698E+04
492 0.23370E+04	0.23789E+04
493 0.23458E+04	0.23879E+04
494 0.23544E+04	0.23967E+04
495 0.23627E+04	0.24054E+04
496 0.23709E+04	0.24138E+04
497 0.23790E+04	0.24222E+04
498 0.23869E+04	0.24303E+04
499 0.23948E+04	0.24384E+04
500 0.24024E+04	0.24463E+04
501 0.24098E+04	0.24539E+04
502 0.24171E+04	0.24615E+04
503 0.24242E+04	0.24688E+04
504 0.24310E+04	0.24758E+04
505 0.24378E+04	0.24829E+04
506 0.24443E+04	0.24896E+04
507 0.24507E+04	0.24962E+04
508 0.24568E+04	0.25026E+04
509 0.24628E+04	0.25087E+04
510 0.24684E+04	0.25146E+04
511 0.24740E+04	0.25205E+04
512 0.24794E+04	0.25260E+04
513 0.24845E+04	0.25313E+04
514 0.24895E+04	0.25365E+04
515 0.24942E+04	0.25414E+04
516 0.24987E+04	0.25461E+04
517 0.25029E+04	0.25506E+04
518 0.25070E+04	0.25548E+04
519 0.25109E+04	0.25590E+04
520 0.25146E+04	0.25628E+04
521 0.25179E+04	0.25663E+04
522 0.25211E+04	0.25696E+04
523 0.25241E+04	0.25728E+04
524 0.25268E+04	0.25758E+04
525 0.25293E+04	0.25784E+04
526 0.25315E+04	0.25808E+04
527 0.25337E+04	0.25832E+04
528 0.25356E+04	0.25852E+04
529 0.25372E+04	0.25869E+04
530 0.25386E+04	0.25884E+04
531 0.25399E+04	0.25899E+04
532 0.25408E+04	0.25910E+04
533 0.25415E+04	0.25918E+04
534 0.25420E+04	0.25924E+04
535 0.25422E+04	0.25928E+04
536 0.25423E+04	0.25929E+04
537 0.25422E+04	0.25930E+04
538 0.25417E+04	0.25926E+04
539 0.25411E+04	0.25921E+04
540 0.25403E+04	0.25914E+04
541 0.25392E+04	0.25904E+04
542 0.25380E+04	0.25893E+04
543 0.25365E+04	0.25878E+04
544 0.25348E+04	0.25863E+04
545 0.25329E+04	0.25844E+04
546 0.25308E+04	0.25823E+04
547 0.25284E+04	0.25800E+04
548 0.25259E+04	0.25776E+04
549 0.25231E+04	0.25749E+04
550 0.25202E+04	0.25720E+04
551 0.25171E+04	0.25689E+04
552 0.25137E+04	0.25656E+04
553 0.25102E+04	0.25621E+04
554 0.25064E+04	0.25584E+04
555 0.25025E+04	0.25544E+04
556 0.24983E+04	0.25503E+04
557 0.24940E+04	0.25460E+04
558 0.24895E+04	0.25415E+04
559 0.24848E+04	0.25368E+04
560 0.24800E+04	0.25320E+04
561 0.24748E+04	0.25268E+04
562 0.24697E+04	0.25216E+04
563 0.24643E+04	0.25162E+04
564 0.24588E+04	0.25107E+04
565 0.24531E+04	0.25049E+04
566 0.24472E+04	0.24990E+04
567 0.24412E+04	0.24930E+04
568 0.24351E+04	0.24868E+04
569 0.24287E+04	0.24804E+04
570 0.24223E+04	0.24739E+04
571 0.24157E+04	0.24672E+04
572 0.24089E+04	0.24604E+04
573 0.24020E+04	0.24534E+04
574 0.23950E+04	0.24464E+04
575 0.23879E+04	0.24392E+04
576 0.23807E+04	0.24319E+04
577 0.23733E+04	0.24244E+04
578 0.23658E+04	0.24168E+04
579 0.23583E+04	0.24092E+04
580 0.23506E+04	0.24015E+04
581 0.23427E+04	0.23935E+04
582 0.23348E+04	0.23855E+04
583 0.23269E+04	0.23774E+04
584 0.23188E+04	0.23692E+04
585 0.23107E+04	0.23610E+04
586 0.23025E+04	0.23526E+04
587 0.22942E+04	0.23443E+04
588 0.22858E+04	0.23358E+04
589 0.22774E+04	0.23272E+04
590 0.22689E+04	0.23185E+04
591 0.22603E+04	0.23099E+04
592 0.22518E+04	0.23011E+04
593 0.22431E+04	0.22923E+04
594 0.22343E+04	0.22834E+04
595 0.22255E+04	0.22745E+04
596 0.22168E+04	0.22656E+04
597 0.22080E+04	0.22567E+04
598 0.21994E+04	0.22479E+04
599 0.21906E+04	0.22389E+04
600 0.21817E+04	0.22299E+04
601 0.21729E+04	0.22209E+04
602 0.21640E+04	0.22119E+04
603 0.21551E+04	0.22028E+04
604 0.21463E+04	0.21939E+04
605 0.21375E+04	0.21849E+04
606 0.21287E+04	0.21759E+04
607 0.21198E+04	0.21668E+04
608 0.21110E+04	0.21579E+04
609 0.21023E+04	0.21490E+04
610 0.20936E+04	0.21401E+04
611 0.20849E+04	0.21312E+04
612 0.20763E+04	0.21224E+04
613 0.20676E+04	0.21136E+04
614 0.20591E+04	0.21049E+04
615 0.20506E+04	0.20962E+04
616 0.20421E+04	0.20875E+04
617 0.20338E+04	0.20790E+04
618 0.20255E+04	0.20706E+04
619 0.20172E+04	0.20621E+04
620 0.20091E+04	0.20538E+04
621 0.20010E+04	0.20455E+04
622 0.19930E+04	0.20373E+04
623 0.19851E+04	0.20292E+04
624 0.19772E+04	0.20212E+04
625 0.19694E+04	0.20132E+04
626 0.19618E+04	0.20054E+04
627 0.19543E+04	0.19977E+04
628 0.19469E+04	0.19901E+04
629 0.19396E+04	0.19826E+04
630 0.19323E+04	0.19751E+04
631 0.19252E+04	0.19678E+04
632 0.19183E+04	0.19607E+04
633 0.19113E+04	0.19536E+04
634 0.19046E+04	0.19467E+04
635 0.18981E+04	0.19400E+04
636 0.18915E+04	0.19333E+04
637 0.18852E+04	0.19267E+04
638 0.18789E+04	0.19204E+04
639 0.18729E+04	0.19141E+04
640 0.18670E+04	0.19080E+04
641 0.18612E+04	0.19021E+04
642 0.18555E+04	0.18962E+04
643 0.18500E+04	0.18906E+04
644 0.18447E+04	0.18852E+04
645 0.18395E+04	0.18798E+04
646 0.18345E+04	0.18746E+04
647 0.18297E+04	0.18697E+04
648 0.18249E+04	0.18647E+04
649 0.18204E+04	0.18601E+04
650 0.18161E+04	0.18556E+04
651 0.18119E+04	0.18513E+04
652 0.18078E+04	0.18471E+04
653 0.18041E+04	0.18432E+04
654 0.18003E+04	0.18393E+04
655 0.17968E+04	0.18356E+04
656 0.17935E+04	0.18322E+04
657 0.17904E+04	0.18290E+04
658 0.17873E+04	0.18258E+04
659 0.17846E+04	0.18230E+04
660 0.17820E+04	0.18203E+04
661 0.17796E+04	0.18178E+04
662 0.17774E+04	0.18155E+04
663 0.17753E+04	0.18133E+04
664 0.17734E+04	0.18113E+04
665 0.17717E+04	0.18095E+04
666 0.17702E+04	0.18079E+04
667 0.17689E+04	0.18065E+04
668 0.17677E+04	0.18052E+04
669 0.17668E+04	0.18043E+04
670 0.17660E+04	0.18034E+04
671 0.17655E+04	0.18028E+04
672 0.17650E+04	0.18023E+04
673 0.17649E+04	0.18021E+04
674 0.17648E+04	0.18020E+04
675 0.17650E+04	0.18021E+04
676 0.17653E+04	0.18024E+04
677 0.17659E+04	0.18029E+04
678 0.17666E+04	0.18036E+04
679 0.17675E+04	0.18044E+04
680 0.17687E+04	0.18056E+04
681 0.17700E+04	0.18068E+04
682 0.17714E+04	0.18083E+04
683 0.17731E+04	0.18100E+04
684 0.17749E+04	0.18118E+04
685 0.17769E+04	0.18137E+04
686 0.17790E+04	0.18158E+04
687 0.17814E+04	0.18182E+04
688 0.17839E+04	0.18207E+04
689 0.17866E+04	0.18234E+04
690 0.17895E+04	0.18263E+04
691 0.17925E+04	0.18294E+04
692 0.17957E+04	0.18326E+04
693 0.17991E+04	0.18360E+04
694 0.18026E+04	0.18395E+04
695 0.18063E+04	0.18433E+04
696 0.18102E+04	0.18472E+04
697 0.18142E+04	0.18513E+04
698 0.18184E+04	0.18555E+04
699 0.18227E+04	0.18598E+04
700 0.18272E+04	0.18644E+04
701 0.18318E+04	0.18691E+04
702 0.18366E+04	0.18740E+04
703 0.18416E+04	0.18790E+04
704 0.18466E+04	0.18841E+04
705 0.18517E+04	0.18893E+04
706 0.18571E+04	0.18947E+04
707 0.18625E+04	0.19002E+04
708 0.18682E+04	0.19060E+04
709 0.18738E+04	0.19118E+04
710 0.18797E+04	0.19178E+04
711 0.18857E+04	0.19238E+04
712 0.18917E+04	0.19300E+04
713 0.18980E+04	0.19365E+04
714 0.19043E+04	0.19428E+04
715 0.19107E+04	0.19493E+04
716 0.19173E+04	0.19560E+04
717 0.19239E+04	0.19628E+04
718 0.19306E+04	0.19696E+04
719 0.19374E+04	0.19766E+04
720 0.19442E+04	0.19836E+04
721 0.19513E+04	0.19908E+04
722 0.19584E+04	0.19980E+04
723 0.19655E+04	0.20054E+04
724 0.19728E+04	0.20127E+04
725 0.19801E+04	0.20202E+04
726 0.19875E+04	0.20278E+04
727 0.19950E+04	0.20354E+04
728 0.20024E+04	0.20431E+04
729 0.20100E+04	0.20508E+04
730 0.20176E+04	0.20586E+04
731 0.20253E+04	0.20665E+04
732 0.20330E+04	0.20744E+04
733 0.20409E+04	0.20824E+04
734 0.20487E+04	0.20904E+04
735 0.20566E+04	0.20985E+04
736 0.20644E+04	0.21065E+04
737 0.20724E+04	0.21146E+04
738 0.20802E+04	0.21227E+04
739 0.20882E+04	0.21309E+04
740 0.20961E+04	0.21390E+04
741 0.21041E+04	0.21472E+04
742 0.21121E+04	0.21554E+04
743 0.21201E+04	0.21636E+04
744 0.21282E+04	0.21719E+04
745 0.21362E+04	0.21801E+04
746 0.21441E+04	0.21882E+04
747 0.21520E+04	0.21963E+04
748 0.21600E+04	0.22045E+04
749 0.21679E+04	0.22127E+04
750 0.21758E+04	0.22208E+04
751 0.21837E+04	0.22290E+04
752 0.21916E+04	0.22371E+04
753 0.21994E+04	0.22451E+04
754 0.22072E+04	0.22531E+04
755 0.22150E+04	0.22611E+04
756 0.22226E+04	0.22689E+04
757 0.22303E+04	0.22769E+04
758 0.22378E+04	0.22846E+04
759 0.22454E+04	0.22924E+04
760 0.22528E+04	0.23001E+04
761 0.22602E+04	0.23077E+04
762 0.22676E+04	0.23154E+04
763 0.22748E+04	0.23228E+04
764 0.22820E+04	0.23302E+04
765 0.22891E+04	0.23375E+04
766 0.22962E+04	0.23448E+04
767 0.23031E+04	0.23520E+04
768 0.23099E+04	0.23590E+04
769 0.23167E+04	0.23660E+04
770 0.23233E+04	0.23729E+04
771 0.23299E+04	0.23797E+04
772 0.23363E+04	0.23863E+04
773 0.23426E+04	0.23929E+04
774 0.23488E+04	0.23993E+04
775 0.23550E+04	0.24057E+04
776 0.23609E+04	0.24118E+04
777 0.23667E+04	0.24179E+04
778 0.23727E+04	0.24240E+04
779 0.23782E+04	0.24298E+04
780 0.23837E+04	0.24355E+04
781 0.23891E+04	0.24411E+04
782 0.23943E+04	0.24465E+04
783 0.23994E+04	0.24518E+04
784 0.24044E+04	0.24570E+04
785 0.24091E+04	0.24620E+04
786 0.24138E+04	0.24669E+04
787 0.24183E+04	0.24716E+04
788 0.24226E+04	0.24761E+04
789 0.24268E+04	0.24805E+04
790 0.24310E+04	0.24848E+04
791 0.24349E+04	0.24889E+04
792 0.24386E+04	0.24929E+04
793 0.24422E+04	0.24966E+04
794 0.24455E+04	0.25002E+04
795 0.24487E+04	0.25035E+04
796 0.24520E+04	0.25069E+04
797 0.24548E+04	0.25100E+04
798 0.24575E+04	0.25128E+04
799 0.24601E+04	0.25156E+04
800 0.24625E+04	0.25182E+04
801 0.24647E+04	0.25206E+04
802 0.24667E+04	0.25227E+04
803 0.24686E+04	0.25247E+04
804 0.24703E+04	0.25266E+04
805 0.24719E+04	0.25283E+04
806 0.24732E+04	0.25297E+04
807 0.24743E+04	0.25310E+04
808 0.24752E+04	0.25320E+04
809 0.24760E+04	0.25330E+04
810 0.24765E+04	0.25336E+04
811 0.24769E+04	0.25341E+04
812 0.24771E+04	0.25344E+04
813 0.24770E+04	0.25345E+04
814 0.24770E+04	0.25345E+04
815 0.24766E+04	0.25343E+04
816 0.24760E+04	0.25337E+04
817 0.24752E+04	0.25330E+04
818 0.24743E+04	0.25323E+04
819 0.24732E+04	0.25312E+04
820 0.24719E+04	0.25301E+04
821 0.24704E+04	0.25286E+04
822 0.24687E+04	0.25270E+04
823 0.24668E+04	0.25252E+04
824 0.24647E+04	0.25231E+04
825 0.24624E+04	0.25209E+04
826 0.24599E+04	0.25184E+04
827 0.24572E+04	0.25158E+04
828 0.24544E+04	0.25130E+04
829 0.24514E+04	0.25100E+04
830 0.24482E+04	0.25068E+04
831 0.24447E+04	0.25035E+04
832 0.24411E+04	0.24999E+04
833 0.24374E+04	0.24962E+04
834 0.24334E+04	0.24921E+04
835 0.24293E+04	0.24881E+04
836 0.24248E+04	0.24836E+04
837 0.24203E+04	0.24791E+04
838 0.24156E+04	0.24744E+04
839 0.24106E+04	0.24694E+04
840 0.24055E+04	0.24643E+04
841 0.24003E+04	0.24591E+04
842 0.23948E+04	0.24536E+04
843 0.23892E+04	0.24479E+04
844 0.23833E+04	0.24420E+04
845 0.23774E+04	0.24360E+04
846 0.23713E+04	0.24299E+04
847 0.23651E+04	0.24236E+04
848 0.23587E+04	0.24172E+04
849 0.23520E+04	0.24104E+04
850 0.23453E+04	0.24036E+04
851 0.23383E+04	0.23966E+04
852 0.23312E+04	0.23894E+04
853 0.23240E+04	0.23821E+04
854 0.23165E+04	0.23746E+04
855 0.23089E+04	0.23668E+04
856 0.23012E+04	0.23591E+04
857 0.22933E+04	0.23511E+04
858 0.22852E+04	0.23429E+04
859 0.22770E+04	0.23346E+04
860 0.22688E+04	0.23262E+04
861 0.22603E+04	0.23176E+04
862 0.22517E+04	0.23089E+04
863 0.22430E+04	0.23000E+04
864 0.22341E+04	0.22910E+04
865 0.22250E+04	0.22817E+04
866 0.22161E+04	0.22727E+04
867 0.22068E+04	0.22632E+04
868 0.21975E+04	0.22538E+04
869 0.21880E+04	0.22441E+04
870 0.21784E+04	0.22344E+04
871 0.21687E+04	0.22245E+04
872 0.21589E+04	0.22145E+04
873 0.21490E+04	0.22044E+04
874 0.21390E+04	0.21942E+04
875 0.21288E+04	0.21839E+04
876 0.21186E+04	0.21734E+04
877 0.21084E+04	0.21631E+04
878 0.20979E+04	0.21524E+04
879 0.20874E+04	0.21417E+04
880 0.20769E+04	0.21310E+04
881 0.20662E+04	0.21201E+04
882 0.20555E+04	0.21091E+04
883 0.20448E+04	0.20982E+04
884 0.20338E+04	0.20870E+04
885 0.20228E+04	0.20758E+04
886 0.20118E+04	0.20646E+04
887 0.20007E+04	0.20532E+04
888 0.19896E+04	0.20420E+04
889 0.19783E+04	0.20304E+04
890 0.19670E+04	0.20189E+04
891 0.19558E+04	0.20074E+04
892 0.19445E+04	0.19958E+04
893 0.19330E+04	0.19841E+04
894 0.19216E+04	0.19725E+04
895 0.19101E+04	0.19607E+04
896 0.18986E+04	0.19489E+04
897 0.18870E+04	0.19371E+04
898 0.18755E+04	0.19253E+04
899 0.18640E+04	0.19135E+04
900 0.18523E+04	0.19016E+04
901 0.18408E+04	0.18898E+04
902 0.18291E+04	0.18779E+04
903 0.18174E+04	0.18658E+04
904 0.18058E+04	0.18540E+04
905 0.17941E+04	0.18420E+04
906 0.17824E+04	0.18300E+04
907 0.17708E+04	0.18181E+04
908 0.17593E+04	0.18063E+04
909 0.17477E+04	0.17944E+04
910 0.17360E+04	0.17825E+04
911 0.17244E+04	0.17706E+04
912 0.17128E+04	0.17587E+04
913 0.17010E+04	0.17465E+04
914 0.16896E+04	0.17348E+04
915 0.16780E+04	0.17229E+04
916 0.16665E+04	0.17112E+04
917 0.16550E+04	0.16993E+04
918 0.16436E+04	0.16877E+04
919 0.16322E+04	0.16760E+04
920 0.16209E+04	0.16643E+04
921 0.16096E+04	0.16528E+04
922 0.15983E+04	0.16412E+04
923 0.15871E+04	0.16296E+04
924 0.15759E+04	0.16182E+04
925 0.15649E+04	0.16068E+04
926 0.15538E+04	0.15954E+04
927 0.15429E+04	0.15842E+04
928 0.15320E+04	0.15730E+04
929 0.15212E+04	0.15618E+04
930 0.15104E+04	0.15508E+04
931 0.14997E+04	0.15397E+04
932 0.14891E+04	0.15288E+04
933 0.14786E+04	0.15180E+04
934 0.14681E+04	0.15073E+04
935 0.14577E+04	0.14966E+04
936 0.14475E+04	0.14860E+04
937 0.14373E+04	0.14755E+04
938 0.14272E+04	0.14651E+04
939 0.14172E+04	0.14548E+04
940 0.14072E+04	0.14445E+04
941 0.13974E+04	0.14344E+04
942 0.13876E+04	0.14244E+04
943 0.13781E+04	0.14145E+04
944 0.13686E+04	0.14047E+04
945 0.13592E+04	0.13950E+04
946 0.13500E+04	0.13855E+04
947 0.13407E+04	0.13760E+04
948 0.13315E+04	0.13665E+04
949 0.13226E+04	0.13573E+04
950 0.13138E+04	0.13481E+04
951 0.13050E+04	0.13391E+04
952 0.12965E+04	0.13303E+04
953 0.12879E+04	0.13215E+04
954 0.12796E+04	0.13128E+04
955 0.12713E+04	0.13042E+04
956 0.12631E+04	0.12958E+04
957 0.12551E+04	0.12875E+04
958 0.12471E+04	0.12793E+04
959 0.12395E+04	0.12713E+04
960 0.12318E+04	0.12635E+04
961 0.12243E+04	0.12556E+04
962 0.12169E+04	0.12480E+04
963 0.12097E+04	0.12405E+04
964 0.12026E+04	0.12332E+04
965 0.11956E+04	0.12260E+04
966 0.11888E+04	0.12189E+04
967 0.11821E+04	0.12119E+04
968 0.11755E+04	0.12051E+04
969 0.11691E+04	0.11984E+04
970 0.11628E+04	0.11919E+04
971 0.11566E+04	0.11855E+04
972 0.11505E+04	0.11792E+04
973 0.11446E+04	0.11730E+04
974 0.11389E+04	0.11671E+04
975 0.11333E+04	0.11613E+04
976 0.11279E+04	0.11556E+04
977 0.11225E+04	0.11501E+04
978 0.11173E+04	0.11446E+04
979 0.11123E+04	0.11394E+04
980 0.11074E+04	0.11343E+04
981 0.11026E+04	0.11293E+04
982 0.10980E+04	0.11245E+04
983 0.10935E+04	0.11198E+04
984 0.10891E+04	0.11153E+04
985 0.10850E+04	0.11109E+04
986 0.10809E+04	0.11066E+04
987 0.10769E+04	0.11024E+04
988 0.10731E+04	0.10985E+04
989 0.10695E+04	0.10947E+04
990 0.10660E+04	0.10910E+04
991 0.10626E+04	0.10875E+04
992 0.10594E+04	0.10841E+04
993 0.10562E+04	0.10807E+04
994 0.10532E+04	0.10776E+04
995 0.10505E+04	0.10747E+04
996 0.10478E+04	0.10718E+04
997 0.10452E+04	0.10691E+04
998 0.10428E+04	0.10666E+04
999 0.10405E+04	0.10641E+04
1000 0.10383E+04	0.10618E+04
1001 0.10363E+04	0.10597E+04
1002 0.10343E+04	0.10576E+04
1003 0.10325E+04	0.10557E+04
1004 0.10309E+04	0.10539E+04
1005 0.10295E+04	0.10524E+04
1006 0.10281E+04	0.10509E+04
1007 0.10268E+04	0.10495E+04
1008 0.10254E+04	0.10480E+04
1009 0.10244E+04	0.10469E+04
1010 0.10235E+04	0.10459E+04
1011 0.10226E+04	0.10450E+04
1012 0.10219E+04	0.10442E+04
1013 0.10214E+04	0.10436E+04
1014 0.10209E+04	0.10431E+04
1015 0.10205E+04	0.10425E+04
1016 0.10202E+04	0.10422E+04
1017 0.10201E+04	0.10421E+04
1018 0.10201E+04	0.10420E+04
1019 0.10201E+04	0.10419E+04
1020 0.10203E+04	0.10421E+04
1021 0.10206E+04	0.10423E+04
1022 0.10210E+04	0.10426E+04
1023 0.10215E+04	0.10431E+04
1024 0.10220E+04	0.10436E+04
1025 0.10226E+04	0.10442E+04
1026 0.10236E+04	0.10451E+04
1027 0.10244E+04	0.10459E+04
1028 0.10253E+04	0.10468E+04
1029 0.10263E+04	0.10478E+04
1030 0.10274E+04	0.10488E+04
1031 0.10283E+04	0.10498E+04
1032 0.10296E+04	0.10511E+04
1033 0.10309E+04	0.10523E+04
1034 0.10324E+04	0.10538E+04
1035 0.10338E+04	0.10553E+04
1036 0.10354E+04	0.10568E+04
1037 0.10370E+04	0.10584E+04
1038 0.10387E+04	0.10601E+04
1039 0.10405E+04	0.10620E+04
1040 0.10422E+04	0.10637E+04
1041 0.10442E+04	0.10656E+04
1042 0.10461E+04	0.10676E+04
1043 0.10481E+04	0.10696E+04
1044 0.10502E+04	0.10718E+04
1045 0.10523E+04	0.10738E+04
1046 0.10544E+04	0.10761E+04
1047 0.10567E+04	0.10783E+04
1048 0.10589E+04	0.10806E+04
1049 0.10612E+04	0.10829E+04
1050 0.10635E+04	0.10853E+04
1051 0.10659E+04	0.10877E+04
1052 0.10683E+04	0.10902E+04
1053 0.10707E+04	0.10926E+04
1054 0.10731E+04	0.10951E+04
1055 0.10756E+04	0.10976E+04
1056 0.10781E+04	0.11002E+04
1057 0.10807E+04	0.11028E+04
1058 0.10834E+04	0.11056E+04
1059 0.10860E+04	0.11083E+04
1060 0.10886E+04	0.11110E+04
1061 0.10913E+04	0.11137E+04
1062 0.10940E+04	0.11165E+04
1063 0.10965E+04	0.11191E+04
1064 0.10992E+04	0.11219E+04
1065 0.11019E+04	0.11246E+04
1066 0.11045E+04	0.11273E+04
1067 0.11073E+04	0.11302E+04
1068 0.11100E+04	0.11330E+04
1069 0.11127E+04	0.11357E+04
1070 0.11155E+04	0.11386E+04
1071 0.11181E+04	0.11413E+04
1072 0.11208E+04	0.11441E+04
1073 0.11235E+04	0.11469E+04
1074 0.11261E+04	0.11496E+04
1075 0.11288E+04	0.11524E+04
1076 0.11315E+04	0.11551E+04
1077 0.11341E+04	0.11579E+04
1078 0.11367E+04	0.11605E+04
1079 0.11392E+04	0.11632E+04
1080 0.11419E+04	0.11659E+04
1081 0.11443E+04	0.11685E+04
1082 0.11468E+04	0.11710E+04
1083 0.11493E+04	0.11736E+04
1084 0.11518E+04	0.11762E+04
1085 0.11542E+04	0.11787E+04
1086 0.11566E+04	0.11813E+04
1087 0.11590E+04	0.11837E+04
1088 0.11613E+04	0.11861E+04
1089 0.11636E+04	0.11885E+04
1090 0.11658E+04	0.11908E+04
1091 0.11680E+04	0.11931E+04
1092 0.11702E+04	0.11954E+04
1093 0.11723E+04	0.11976E+04
1094 0.11743E+04	0.11997E+04
1095 0.11764E+04	0.12019E+04
1096 0.11783E+04	0.12039E+04
1097 0.11802E+04	0.12059E+04
1098 0.11821E+04	0.12079E+04
1099 0.11839E+04	0.12098E+04
1100 0.11857E+04	0.12117E+04
1101 0.11874E+04	0.12134E+04
1102 0.11892E+04	0.12153E+04
1103 0.11907E+04	0.12170E+04
1104 0.11923E+04	0.12186E+04
1105 0.11937E+04	0.12202E+04
1106 0.11951E+04	0.12217E+04
1107 0.11965E+04	0.12231E+04
1108 0.11978E+04	0.12245E+04
1109 0.11990E+04	0.12258E+04
1110 0.12002E+04	0.12271E+04
1111 0.12012E+04	0.12282E+04
1112 0.12023E+04	0.12294E+04
1113 0.12032E+04	0.12304E+04
1114 0.12041E+04	0.12313E+04
1115 0.12049E+04	0.12323E+04
1116 0.12057E+04	0.12331E+04
1117 0.12064E+04	0.12339E+04
1118 0.12070E+04	0.12345E+04
1119 0.12076E+04	0.12352E+04
1120 0.12080E+04	0.12357E+04
1121 0.12084E+04	0.12362E+04
1122 0.12088E+04	0.12366E+04
1123 0.12090E+04	0.12369E+04
1124 0.12092E+04	0.12372E+04
1125 0.12093E+04	0.12373E+04
1126 0.12093E+04	0.12374E+04
1127 0.12092E+04	0.12374E+04
1128 0.12091E+04	0.12374E+04
1129 0.12089E+04	0.12373E+04
1130 0.12085E+04	0.12369E+04
1131 0.12082E+04	0.12367E+04
1132 0.12078E+04	0.12363E+04
1133 0.12072E+04	0.12358E+04
1134 0.12067E+04	0.12353E+04
1135 0.12060E+04	0.12346E+04
1136 0.12052E+04	0.12339E+04
1137 0.12044E+04	0.12332E+04
1138 0.12035E+04	0.12323E+04
1139 0.12026E+04	0.12314E+04
1140 0.12015E+04	0.12304E+04
1141 0.12004E+04	0.12293E+04
1142 0.11992E+04	0.12281E+04
1143 0.11979E+04	0.12269E+04
1144 0.11965E+04	0.12255E+04
1145 0.11951E+04	0.12241E+04
1146 0.11935E+04	0.12226E+04
1147 0.11920E+04	0.12211E+04
1148 0.11903E+04	0.12194E+04
1149 0.11885E+04	0.12177E+04
1150 0.11867E+04	0.12159E+04
1151 0.11849E+04	0.12140E+04
1152 0.11829E+04	0.12120E+04
1153 0.11809E+04	0.12101E+04
1154 0.11788E+04	0.12080E+04
1155 0.11767E+04	0.12059E+04
1156 0.11744E+04	0.12036E+04
1157 0.11720E+04	0.12012E+04
1158 0.11697E+04	0.11989E+04
1159 0.11673E+04	0.11965E+04
1160 0.11647E+04	0.11939E+04
1161 0.11622E+04	0.11914E+04
1162 0.11596E+04	0.11887E+04
1163 0.11568E+04	0.11860E+04
1164 0.11541E+04	0.11832E+04
1165 0.11513E+04	0.11804E+04
1166 0.11483E+04	0.11774E+04
1167 0.11454E+04	0.11745E+04
1168 0.11424E+04	0.11714E+04
1169 0.11394E+04	0.11684E+04
1170 0.11363E+04	0.11653E+04
1171 0.11331E+04	0.11620E+04
1172 0.11299E+04	0.11588E+04
1173 0.11266E+04	0.11555E+04
1174 0.11233E+04	0.11521E+04
1175 0.11199E+04	0.11486E+04
1176 0.11163E+04	0.11451E+04
1177 0.11129E+04	0.11416E+04
1178 0.11093E+04	0.11379E+04
1179 0.11058E+04	0.11344E+04
1180 0.11022E+04	0.11307E+04
1181 0.10985E+04	0.11270E+04
1182 0.10948E+04	0.11232E+04
1183 0.10910E+04	0.11193E+04
1184 0.10872E+04	0.11154E+04
1185 0.10833E+04	0.11116E+04
1186 0.10794E+04	0.11076E+04
1187 0.10756E+04	0.11037E+04
1188 0.10716E+04	0.10996E+04
1189 0.10676E+04	0.10956E+04
1190 0.10636E+04	0.10915E+04
1191 0.10595E+04	0.10873E+04
1192 0.10555E+04	0.10832E+04
1193 0.10513E+04	0.10790E+04
1194 0.10472E+04	0.10748E+04
1195 0.10431E+04	0.10706E+04
1196 0.10388E+04	0.10662E+04
1197 0.10347E+04	0.10620E+04
1198 0.10304E+04	0.10576E+04
1199 0.10262E+04	0.10533E+04
1200 0.10218E+04	0.10489E+04
1201 0.10176E+04	0.10446E+04
1202 0.10132E+04	0.10401E+04
1203 0.10089E+04	0.10357E+04
1204 0.10046E+04	0.10312E+04
1205 0.10002E+04	0.10268E+04
1206 0.99584E+03	0.10223E+04
1207 0.99156E+03	0.10179E+04
1208 0.98721E+03	0.10135E+04
1209 0.98278E+03	0.10090E+04
1210 0.97844E+03	0.10045E+04
1211 0.97402E+03	0.99998E+03
1212 0.96968E+03	0.99553E+03
1213 0.96526E+03	0.99100E+03
1214 0.96092E+03	0.98655E+03
1215 0.95658E+03	0.98211E+03
1216 0.95225E+03	0.97766E+03
1217 0.94777E+03	0.97306E+03
1218 0.94343E+03	0.96862E+03
1219 0.93902E+03	0.96409E+03
1220 0.93469E+03	0.95964E+03
1221 0.93036E+03	0.95520E+03
1222 0.92603E+03	0.95075E+03
1223 0.92169E+03	0.94629E+03
1224 0.91736E+03	0.94184E+03
1225 0.91310E+03	0.93746E+03
1226 0.90883E+03	0.93308E+03
1227 0.90464E+03	0.92877E+03
1228 0.90038E+03	0.92439E+03
1229 0.89619E+03	0.92007E+03
1230 0.89184E+03	0.91561E+03
1231 0.88764E+03	0.91129E+03
1232 0.88344E+03	0.90696E+03
1233 0.87939E+03	0.90279E+03
1234 0.87525E+03	0.89853E+03
1235 0.87141E+03	0.89457E+03
1236 0.86742E+03	0.89046E+03
1237 0.86343E+03	0.88634E+03
1238 0.85950E+03	0.88229E+03
1239 0.85557E+03	0.87824E+03
1240 0.85164E+03	0.87419E+03
1241 0.84785E+03	0.87027E+03
1242 0.84397E+03	0.86628E+03
1243 0.84017E+03	0.86236E+03
1244 0.83644E+03	0.85850E+03
1245 0.83278E+03	0.85472E+03
1246 0.82910E+03	0.85093E+03
1247 0.82543E+03	0.84713E+03
1248 0.82182E+03	0.84340E+03
1249 0.81828E+03	0.83974E+03
1250 0.81480E+03	0.83615E+03
1251 0.81132E+03	0.83255E+03
1252 0.80798E+03	0.82910E+03
1253 0.80456E+03	0.82556E+03
1254 0.80120E+03	0.82209E+03
1255 0.79791E+03	0.81868E+03
1256 0.79476E+03	0.81542E+03
1257 0.79161E+03	0.81215E+03
1258 0.78844E+03	0.80887E+03
1259 0.78534E+03	0.80566E+03
1260 0.78230E+03	0.80251E+03
1261 0.77933E+03	0.79944E+03
1262 0.77643E+03	0.79642E+03
1263 0.77359E+03	0.79348E+03
1264 0.77074E+03	0.79052E+03
1265 0.76803E+03	0.78770E+03
1266 0.76531E+03	0.78488E+03
1267 0.76266E+03	0.78212E+03
1268 0.76007E+03	0.77943E+03
1269 0.75756E+03	0.77682E+03
1270 0.75508E+03	0.77424E+03
1271 0.75267E+03	0.77174E+03
1272 0.75031E+03	0.76927E+03
1273 0.74798E+03	0.76685E+03
1274 0.74573E+03	0.76450E+03
1275 0.74353E+03	0.76221E+03
1276 0.74138E+03	0.75997E+03
1277 0.73930E+03	0.75780E+03
1278 0.73727E+03	0.75568E+03
1279 0.73530E+03	0.75362E+03
1280 0.73340E+03	0.75163E+03
1281 0.73155E+03	0.74970E+03
1282 0.72976E+03	0.74783E+03
1283 0.72803E+03	0.74601E+03
1284 0.72636E+03	0.74427E+03
1285 0.72474E+03	0.74257E+03
1286 0.72319E+03	0.74093E+03
1287 0.72169E+03	0.73936E+03
1288 0.72026E+03	0.73786E+03
1289 0.71888E+03	0.73641E+03
1290 0.71756E+03	0.73501E+03
1291 0.71630E+03	0.73368E+03
1292 0.71510E+03	0.73241E+03
1293 0.71395E+03	0.73120E+03
1294 0.71287E+03	0.73005E+03
1295 0.71184E+03	0.72896E+03
1296 0.71086E+03	0.72792E+03
1297 0.70994E+03	0.72695E+03
1298 0.70908E+03	0.72604E+03
1299 0.70827E+03	0.72517E+03
1300 0.70753E+03	0.72438E+03
1301 0.70684E+03	0.72364E+03
1302 0.70620E+03	0.72295E+03
1303 0.70562E+03	0.72232E+03
1304 0.70509E+03	0.72175E+03
1305 0.70462E+03	0.72123E+03
1306 0.70418E+03	0.72076E+03
1307 0.70382E+03	0.72036E+03
1308 0.70350E+03	0.72001E+03
1309 0.70323E+03	0.71970E+03
1310 0.70302E+03	0.71945E+03
1311 0.70284E+03	0.71925E+03
1312 0.70275E+03	0.71913E+03
1313 0.70268E+03	0.71904E+03
1314 0.70267E+03	0.71900E+03
1315 0.70270E+03	0.71901E+03
1316 0.70279E+03	0.71907E+03
1317 0.70292E+03	0.71919E+03
1318 0.70309E+03	0.71934E+03
1319 0.70331E+03	0.71954E+03
1320 0.70356E+03	0.71978E+03
1321 0.70386E+03	0.72007E+03
1322 0.70421E+03	0.72041E+03
1323 0.70461E+03	0.72080E+03
1324 0.70504E+03	0.72122E+03
1325 0.70551E+03	0.72169E+03
1326 0.70603E+03	0.72220E+03
1327 0.70656E+03	0.72274E+03
1328 0.70716E+03	0.72334E+03
1329 0.70778E+03	0.72396E+03
1330 0.70844E+03	0.72462E+03
1331 0.70915E+03	0.72533E+03
1332 0.70987E+03	0.72606E+03
1333 0.71064E+03	0.72684E+03
1334 0.71143E+03	0.72764E+03
1335 0.71226E+03	0.72848E+03
1336 0.71312E+03	0.72936E+03
1337 0.71401E+03	0.73026E+03
1338 0.71493E+03	0.73119E+03
1339 0.71588E+03	0.73216E+03
1340 0.71685E+03	0.73315E+03
1341 0.71785E+03	0.73417E+03
1342 0.71886E+03	0.73521E+03
1343 0.71991E+03	0.73628E+03
1344 0.72099E+03	0.73738E+03
1345 0.72207E+03	0.73849E+03
1346 0.72318E+03	0.73963E+03
1347 0.72432E+03	0.74080E+03
1348 0.72546E+03	0.74197E+03
1349 0.72664E+03	0.74319E+03
1350 0.72782E+03	0.74440E+03
1351 0.72903E+03	0.74564E+03
1352 0.73023E+03	0.74689E+03
1353 0.73147E+03	0.74816E+03
1354 0.73270E+03	0.74943E+03
1355 0.73397E+03	0.75074E+03
1356 0.73524E+03	0.75205E+03
1357 0.73652E+03	0.75337E+03
1358 0.73779E+03	0.75469E+03
1359 0.73908E+03	0.75602E+03
1360 0.74035E+03	0.75735E+03
1361 0.74166E+03	0.75870E+03
1362 0.74294E+03	0.76003E+03
1363 0.74424E+03	0.76138E+03
1364 0.74552E+03	0.76270E+03
1365 0.74688E+03	0.76412E+03
1366 0.74816E+03	0.76546E+03
1367 0.74945E+03	0.76680E+03
1368 0.75081E+03	0.76821E+03
1369 0.75209E+03	0.76955E+03
1370 0.75338E+03	0.77089E+03
1371 0.75466E+03	0.77223E+03
1372 0.75594E+03	0.77357E+03
1373 0.75723E+03	0.77491E+03
1374 0.75851E+03	0.77625E+03
1375 0.75980E+03	0.77759E+03
1376 0.76108E+03	0.77894E+03
1377 0.76237E+03	0.78028E+03
1378 0.76366E+03	0.78163E+03
1379 0.76488E+03	0.78291E+03
1380 0.76609E+03	0.78419E+03
1381 0.76731E+03	0.78547E+03
1382 0.76839E+03	0.78660E+03
1383 0.76961E+03	0.78789E+03
1384 0.77069E+03	0.78903E+03
1385 0.77177E+03	0.79017E+03
1386 0.77286E+03	0.79132E+03
1387 0.77387E+03	0.79239E+03
1388 0.77504E+03	0.79362E+03
1389 0.77606E+03	0.79471E+03
1390 0.77701E+03	0.79572E+03
1391 0.77805E+03	0.79681E+03
1392 0.77901E+03	0.79783E+03
1393 0.77997E+03	0.79886E+03
1394 0.78087E+03	0.79982E+03
1395 0.78177E+03	0.80078E+03
1396 0.78268E+03	0.80175E+03
1397 0.78351E+03	0.80265E+03
1398 0.78428E+03	0.80348E+03
1399 0.78506E+03	0.80431E+03
1400 0.78584E+03	0.80515E+03
1401 0.78655E+03	0.80592E+03
1402 0.78727E+03	0.80670E+03
1403 0.78792E+03	0.80741E+03
1404 0.78851E+03	0.80805E+03
1405 0.78917E+03	0.80878E+03
1406 0.78970E+03	0.80936E+03
1407 0.79015E+03	0.80987E+03
1408 0.79077E+03	0.81054E+03
1409 0.79117E+03	0.81099E+03
1410 0.79165E+03	0.81153E+03
1411 0.79206E+03	0.81200E+03
1412 0.79241E+03	0.81240E+03
1413 0.79262E+03	0.81266E+03
1414 0.79291E+03	0.81300E+03
1415 0.79314E+03	0.81328E+03
1416 0.79337E+03	0.81356E+03
1417 0.79347E+03	0.81371E+03
1418 0.79357E+03	0.81386E+03
1419 0.79361E+03	0.81395E+03
1420 0.79366E+03	0.81404E+03
1421 0.79364E+03	0.81407E+03
1422 0.79363E+03	0.81411E+03
1423 0.79349E+03	0.81401E+03
1424 0.79343E+03	0.81399E+03
1425 0.79323E+03	0.81383E+03
1426 0.79297E+03	0.81361E+03
1427 0.79279E+03	0.81347E+03
1428 0.79247E+03	0.81319E+03
1429 0.79209E+03	0.81285E+03
1430 0.79172E+03	0.81252E+03
1431 0.79128E+03	0.81212E+03
1432 0.79078E+03	0.81165E+03
1433 0.79037E+03	0.81127E+03
1434 0.78982E+03	0.81076E+03
1435 0.78921E+03	0.81017E+03
1436 0.78860E+03	0.80960E+03
1437 0.78786E+03	0.80889E+03
1438 0.78714E+03	0.80818E+03
1439 0.78634E+03	0.80742E+03
1440 0.78556E+03	0.80666E+03
1441 0.78472E+03	0.80584E+03
1442 0.78381E+03	0.80495E+03
1443 0.78284E+03	0.80400E+03
1444 0.78188E+03	0.80306E+03
1445 0.78078E+03	0.80198E+03
1446 0.77977E+03	0.80099E+03
1447 0.77855E+03	0.79978E+03
1448 0.77741E+03	0.79865E+03
1449 0.77621E+03	0.79747E+03
1450 0.77495E+03	0.79621E+03
1451 0.77370E+03	0.79497E+03
1452 0.77231E+03	0.79358E+03
1453 0.77093E+03	0.79221E+03
1454 0.76957E+03	0.79085E+03
1455 0.76814E+03	0.78942E+03
1456 0.76664E+03	0.78793E+03
1457 0.76501E+03	0.78629E+03
1458 0.76347E+03	0.78475E+03
1459 0.76186E+03	0.78313E+03
1460 0.76019E+03	0.78145E+03
1461 0.75853E+03	0.77979E+03
1462 0.75680E+03	0.77805E+03
1463 0.75494E+03	0.77618E+03
1464 0.75317E+03	0.77439E+03
1465 0.75125E+03	0.77246E+03
1466 0.74942E+03	0.77061E+03
1467 0.74745E+03	0.76863E+03
1468 0.74549E+03	0.76665E+03
1469 0.74355E+03	0.76468E+03
1470 0.74139E+03	0.76250E+03
1471 0.73939E+03	0.76047E+03
1472 0.73732E+03	0.75838E+03
1473 0.73519E+03	0.75623E+03
1474 0.73292E+03	0.75393E+03
1475 0.73073E+03	0.75171E+03
1476 0.72848E+03	0.74943E+03
1477 0.72624E+03	0.74716E+03
1478 0.72394E+03	0.74482E+03
1479 0.72164E+03	0.74249E+03
1480 0.71928E+03	0.74009E+03
1481 0.71686E+03	0.73763E+03
1482 0.71445E+03	0.73519E+03
1483 0.71200E+03	0.73270E+03
1484 0.70955E+03	0.73020E+03
1485 0.70704E+03	0.72765E+03
1486 0.70451E+03	0.72507E+03
1487 0.70195E+03	0.72247E+03
1488 0.69938E+03	0.71985E+03
1489 0.69676E+03	0.71718E+03
1490 0.69412E+03	0.71449E+03
1491 0.69146E+03	0.71178E+03
1492 0.68879E+03	0.70906E+03
1493 0.68609E+03	0.70630E+03
1494 0.68336E+03	0.70352E+03
1495 0.68062E+03	0.70072E+03
1496 0.67785E+03	0.69790E+03
1497 0.67507E+03	0.69505E+03
1498 0.67227E+03	0.69219E+03
1499 0.66945E+03	0.68931E+03
1500 0.66661E+03	0.68641E+03
1501 0.66376E+03	0.68349E+03
1502 0.66089E+03	0.68056E+03
1503 0.65801E+03	0.67761E+03
1504 0.65512E+03	0.67464E+03
1505 0.65220E+03	0.67166E+03
1506 0.64928E+03	0.66867E+03
1507 0.64634E+03	0.66566E+03
1508 0.64340E+03	0.66264E+03
1509 0.64044E+03	0.65960E+03
1510 0.63748E+03	0.65657E+03
1511 0.63449E+03	0.65351E+03
1512 0.63151E+03	0.65044E+03
1513 0.62851E+03	0.64737E+03
1514 0.62551E+03	0.64429E+03
1515 0.62252E+03	0.64122E+03
1516 0.61951E+03	0.63813E+03
1517 0.61650E+03	0.63504E+03
1518 0.61349E+03	0.63194E+03
1519 0.61046E+03	0.62884E+03
1520 0.60745E+03	0.62574E+03
1521 0.60443E+03	0.62263E+03
1522 0.60140E+03	0.61951E+03
1523 0.59838E+03	0.61641E+03
1524 0.59535E+03	0.61329E+03
1525 0.59232E+03	0.61018E+03
1526 0.58930E+03	0.60707E+03
1527 0.58629E+03	0.60396E+03
1528 0.58327E+03	0.60085E+03
1529 0.58026E+03	0.59775E+03
1530 0.57725E+03	0.59466E+03
1531 0.57425E+03	0.59157E+03
1532 0.57126E+03	0.58849E+03
1533 0.56827E+03	0.58540E+03
1534 0.56530E+03	0.58233E+03
1535 0.56233E+03	0.57927E+03
1536 0.55936E+03	0.57622E+03
1537 0.55642E+03	0.57318E+03
1538 0.55349E+03	0.57015E+03
1539 0.55053E+03	0.56711E+03
1540 0.54762E+03	0.56409E+03
1541 0.54471E+03	0.56109E+03
1542 0.54181E+03	0.55810E+03
1543 0.53892E+03	0.55512E+03
1544 0.53605E+03	0.55215E+03
1545 0.53320E+03	0.54921E+03
1546 0.53035E+03	0.54626E+03
1547 0.52753E+03	0.54334E+03
1548 0.52472E+03	0.54044E+03
1549 0.52193E+03	0.53756E+03
1550 0.51917E+03	0.53469E+03
1551 0.51640E+03	0.53184E+03
1552 0.51367E+03	0.52901E+03
1553 0.51095E+03	0.52620E+03
1554 0.50826E+03	0.52341E+03
1555 0.50557E+03	0.52063E+03
1556 0.50292E+03	0.51788E+03
1557 0.50029E+03	0.51515E+03
1558 0.49767E+03	0.51244E+03
1559 0.49510E+03	0.50977E+03
1560 0.49253E+03	0.50711E+03
1561 0.48997E+03	0.50446E+03
1562 0.48743E+03	0.50183E+03
1563 0.48493E+03	0.49923E+03
1564 0.48245E+03	0.49666E+03
1565 0.48000E+03	0.49412E+03
1566 0.47757E+03	0.49160E+03
1567 0.47516E+03	0.48909E+03
1568 0.47278E+03	0.48662E+03
1569 0.47043E+03	0.48418E+03
1570 0.46811E+03	0.48177E+03
1571 0.46581E+03	0.47938E+03
1572 0.46353E+03	0.47701E+03
1573 0.46128E+03	0.47468E+03
1574 0.45908E+03	0.47238E+03
1575 0.45689E+03	0.47011E+03
1576 0.45473E+03	0.46786E+03
1577 0.45260E+03	0.46564E+03
1578 0.45049E+03	0.46345E+03
1579 0.44843E+03	0.46130E+03
1580 0.44638E+03	0.45916E+03
1581 0.44435E+03	0.45706E+03
1582 0.44238E+03	0.45499E+03
1583 0.44041E+03	0.45295E+03
1584 0.43849E+03	0.45094E+03
1585 0.43658E+03	0.44895E+03
1586 0.43472E+03	0.44701E+03
1587 0.43288E+03	0.44509E+03
1588 0.43108E+03	0.44321E+03
1589 0.42930E+03	0.44136E+03
1590 0.42755E+03	0.43953E+03
1591 0.42584E+03	0.43774E+03
1592 0.42415E+03	0.43598E+03
1593 0.42250E+03	0.43426E+03
1594 0.42087E+03	0.43255E+03
1595 0.41928E+03	0.43089E+03
1596 0.41773E+03	0.42927E+03
1597 0.41620E+03	0.42766E+03
1598 0.41470E+03	0.42610E+03
1599 0.41323E+03	0.42456E+03
1600 0.41180E+03	0.42306E+03
1601 0.41039E+03	0.42159E+03
1602 0.40900E+03	0.42014E+03
1603 0.40767E+03	0.41874E+03
1604 0.40635E+03	0.41736E+03
1605 0.40507E+03	0.41602E+03
1606 0.40382E+03	0.41471E+03
1607 0.40260E+03	0.41342E+03
1608 0.40140E+03	0.41217E+03
1609 0.40025E+03	0.41096E+03
1610 0.39912E+03	0.40978E+03
1611 0.39802E+03	0.40862E+03
1612 0.39696E+03	0.40750E+03
1613 0.39591E+03	0.40640E+03
1614 0.39490E+03	0.40534E+03
1615 0.39392E+03	0.40431E+03
1616 0.39296E+03	0.40330E+03
1617 0.39204E+03	0.40233E+03
1618 0.39115E+03	0.40139E+03
1619 0.39027E+03	0.40046E+03
1620 0.38944E+03	0.39959E+03
1621 0.38863E+03	0.39874E+03
1622 0.38785E+03	0.39791E+03
1623 0.38709E+03	0.39711E+03
1624 0.38636E+03	0.39635E+03
1625 0.38567E+03	0.39561E+03
1626 0.38499E+03	0.39490E+03
1627 0.38434E+03	0.39421E+03
1628 0.38372E+03	0.39355E+03
1629 0.38312E+03	0.39292E+03
1630 0.38256E+03	0.39232E+03
1631 0.38200E+03	0.39172E+03
1632 0.38148E+03	0.39118E+03
1633 0.38099E+03	0.39065E+03
1634 0.38053E+03	0.39016E+03
1635 0.38008E+03	0.38969E+03
1636 0.37966E+03	0.38924E+03
1637 0.37927E+03	0.38881E+03
1638 0.37888E+03	0.38841E+03
1639 0.37854E+03	0.38804E+03
1640 0.37821E+03	0.38768E+03
1641 0.37790E+03	0.38734E+03
1642 0.37761E+03	0.38704E+03
1643 0.37734E+03	0.38675E+03
1644 0.37709E+03	0.38648E+03
1645 0.37686E+03	0.38623E+03
1646 0.37665E+03	0.38600E+03
1647 0.37646E+03	0.38580E+03
1648 0.37630E+03	0.38562E+03
1649 0.37615E+03	0.38545E+03
1650 0.37601E+03	0.38531E+03
1651 0.37590E+03	0.38518E+03
1652 0.37580E+03	0.38507E+03
1653 0.37572E+03	0.38498E+03
1654 0.37565E+03	0.38490E+03
1655 0.37561E+03	0.38485E+03
1656 0.37558E+03	0.38482E+03
1657 0.37555E+03	0.38478E+03
1658 0.37555E+03	0.38478E+03
1659 0.37557E+03	0.38479E+03
1660 0.37558E+03	0.38480E+03
1661 0.37563E+03	0.38484E+03
1662 0.37567E+03	0.38489E+03
1663 0.37574E+03	0.38495E+03
1664 0.37580E+03	0.38502E+03
1665 0.37589E+03	0.38511E+03
1666 0.37599E+03	0.38521E+03
1667 0.37609E+03	0.38531E+03
1668 0.37621E+03	0.38544E+03
1669 0.37634E+03	0.38557E+03
1670 0.37647E+03	0.38570E+03
1671 0.37662E+03	0.38586E+03
1672 0.37678E+03	0.38602E+03
1673 0.37693E+03	0.38618E+03
1674 0.37710E+03	0.38636E+03
1675 0.37727E+03	0.38653E+03
1676 0.37745E+03	0.38673E+03
1677 0.37764E+03	0.38693E+03
1678 0.37782E+03	0.38712E+03
1679 0.37802E+03	0.38732E+03
1680 0.37822E+03	0.38754E+03
1681 0.37842E+03	0.38776E+03
1682 0.37862E+03	0.38797E+03
1683 0.37884E+03	0.38819E+03
1684 0.37905E+03	0.38842E+03
1685 0.37927E+03	0.38866E+03
1686 0.37949E+03	0.38889E+03
1687 0.37970E+03	0.38912E+03
1688 0.37993E+03	0.38936E+03
1689 0.38014E+03	0.38959E+03
1690 0.38036E+03	0.38982E+03
1691 0.38058E+03	0.39006E+03
1692 0.38080E+03	0.39029E+03
1693 0.38101E+03	0.39053E+03
1694 0.38122E+03	0.39075E+03
1695 0.38144E+03	0.39099E+03
1696 0.38165E+03	0.39122E+03
1697 0.38185E+03	0.39144E+03
1698 0.38206E+03	0.39166E+03
1699 0.38226E+03	0.39189E+03
1700 0.38246E+03	0.39210E+03
1701 0.38264E+03	0.39231E+03
1702 0.38284E+03	0.39252E+03
1703 0.38302E+03	0.39272E+03
1704 0.38320E+03	0.39292E+03
1705 0.38337E+03	0.39311E+03
1706 0.38353E+03	0.39329E+03
1707 0.38369E+03	0.39347E+03
1708 0.38384E+03	0.39365E+03
1709 0.38399E+03	0.39381E+03
1710 0.38413E+03	0.39397E+03
1711 0.38425E+03	0.39412E+03
1712 0.38438E+03	0.39427E+03
1713 0.38449E+03	0.39440E+03
1714 0.38459E+03	0.39452E+03
1715 0.38468E+03	0.39463E+03
1716 0.38477E+03	0.39474E+03
1717 0.38485E+03	0.39484E+03
1718 0.38490E+03	0.39491E+03
1719 0.38496E+03	0.39499E+03
1720 0.38501E+03	0.39506E+03
1721 0.38504E+03	0.39511E+03
1722 0.38507E+03	0.39517E+03
1723 0.38509E+03	0.39520E+03
1724 0.38508E+03	0.39522E+03
1725 0.38507E+03	0.39523E+03
1726 0.38505E+03	0.39522E+03
1727 0.38502E+03	0.39521E+03
1728 0.38497E+03	0.39518E+03
1729 0.38492E+03	0.39515E+03
1730 0.38484E+03	0.39509E+03
1731 0.38475E+03	0.39502E+03
1732 0.38465E+03	0.39494E+03
1733 0.38454E+03	0.39485E+03
1734 0.38442E+03	0.39474E+03
1735 0.38428E+03	0.39462E+03
1736 0.38413E+03	0.39449E+03
1737 0.38396E+03	0.39434E+03
1738 0.38378E+03	0.39417E+03
1739 0.38359E+03	0.39400E+03
1740 0.38338E+03	0.39380E+03
1741 0.38317E+03	0.39361E+03
1742 0.38293E+03	0.39339E+03
1743 0.38269E+03	0.39316E+03
1744 0.38242E+03	0.39291E+03
1745 0.38214E+03	0.39264E+03
1746 0.38185E+03	0.39236E+03
1747 0.38155E+03	0.39207E+03
1748 0.38122E+03	0.39176E+03
1749 0.38088E+03	0.39143E+03
1750 0.38052E+03	0.39108E+03
1751 0.38015E+03	0.39072E+03
1752 0.37977E+03	0.39035E+03
1753 0.37938E+03	0.38996E+03
1754 0.37896E+03	0.38956E+03
1755 0.37854E+03	0.38914E+03
1756 0.37810E+03	0.38871E+03
1757 0.37764E+03	0.38826E+03
1758 0.37716E+03	0.38779E+03
1759 0.37668E+03	0.38731E+03
1760 0.37618E+03	0.38682E+03
1761 0.37566E+03	0.38630E+03
1762 0.37512E+03	0.38577E+03
1763 0.37458E+03	0.38523E+03
1764 0.37403E+03	0.38468E+03
1765 0.37345E+03	0.38410E+03
1766 0.37286E+03	0.38352E+03
1767 0.37225E+03	0.38291E+03
1768 0.37163E+03	0.38229E+03
1769 0.37100E+03	0.38166E+03
1770 0.37035E+03	0.38101E+03
1771 0.36969E+03	0.38035E+03
1772 0.36902E+03	0.37968E+03
1773 0.36833E+03	0.37898E+03
1774 0.36763E+03	0.37828E+03
1775 0.36691E+03	0.37756E+03
1776 0.36619E+03	0.37683E+03
1777 0.36543E+03	0.37607E+03
1778 0.36468E+03	0.37531E+03
1779 0.36390E+03	0.37453E+03
1780 0.36312E+03	0.37374E+03
1781 0.36233E+03	0.37295E+03
1782 0.36151E+03	0.37212E+03
1783 0.36069E+03	0.37129E+03
1784 0.35987E+03	0.37046E+03
1785 0.35902E+03	0.36960E+03
1786 0.35817E+03	0.36874E+03
1787 0.35730E+03	0.36786E+03
1788 0.35643E+03	0.36698E+03
1789 0.35554E+03	0.36607E+03
1790 0.35463E+03	0.36515E+03
1791 0.35372E+03	0.36423E+03
1792 0.35280E+03	0.36330E+03
1793 0.35186E+03	0.36234E+03
1794 0.35092E+03	0.36139E+03
1795 0.34997E+03	0.36042E+03
1796 0.34898E+03	0.35942E+03
1797 0.34802E+03	0.35844E+03
1798 0.34704E+03	0.35744E+03
1799 0.34604E+03	0.35643E+03
1800 0.34505E+03	0.35541E+03
1801 0.34405E+03	0.35439E+03
1802 0.34304E+03	0.35337E+03
1803 0.34202E+03	0.35232E+03
1804 0.34098E+03	0.35126E+03
1805 0.33994E+03	0.35020E+03
1806 0.33890E+03	0.34914E+03
1807 0.33784E+03	0.34806E+03
1808 0.33678E+03	0.34697E+03
1809 0.33571E+03	0.34588E+03
1810 0.33464E+03	0.34479E+03
1811 0.33356E+03	0.34367E+03
1812 0.33247E+03	0.34256E+03
1813 0.33138E+03	0.34145E+03
1814 0.33028E+03	0.34032E+03
1815 0.32918E+03	0.33920E+03
1816 0.32808E+03	0.33807E+03
1817 0.32697E+03	0.33692E+03
1818 0.32585E+03	0.33578E+03
1819 0.32471E+03	0.33461E+03
1820 0.32359E+03	0.33346E+03
1821 0.32247E+03	0.33231E+03
1822 0.32134E+03	0.33114E+03
1823 0.32023E+03	0.33000E+03
1824 0.31909E+03	0.32884E+03
1825 0.31796E+03	0.32767E+03
1826 0.31682E+03	0.32650E+03
1827 0.31568E+03	0.32533E+03
1828 0.31454E+03	0.32416E+03
1829 0.31340E+03	0.32298E+03
1830 0.31225E+03	0.32180E+03
1831 0.31111E+03	0.32063E+03
1832 0.30996E+03	0.31945E+03
1833 0.30882E+03	0.31827E+03
1834 0.30768E+03	0.31710E+03
1835 0.30654E+03	0.31592E+03
1836 0.30539E+03	0.31474E+03
1837 0.30425E+03	0.31356E+03
1838 0.30311E+03	0.31239E+03
1839 0.30197E+03	0.31121E+03
1840 0.30084E+03	0.31004E+03
1841 0.29971E+03	0.30887E+03
1842 0.29858E+03	0.30771E+03
1843 0.29744E+03	0.30654E+03
1844 0.29632E+03	0.30537E+03
1845 0.29521E+03	0.30423E+03
1846 0.29409E+03	0.30307E+03
1847 0.29297E+03	0.30192E+03
1848 0.29186E+03	0.30077E+03
1849 0.29075E+03	0.29962E+03
1850 0.28965E+03	0.29848E+03
1851 0.28853E+03	0.29733E+03
1852 0.28745E+03	0.29621E+03
1853 0.28635E+03	0.29507E+03
1854 0.28527E+03	0.29395E+03
1855 0.28419E+03	0.29283E+03
1856 0.28312E+03	0.29173E+03
1857 0.28205E+03	0.29062E+03
1858 0.28099E+03	0.28952E+03
1859 0.27994E+03	0.28843E+03
1860 0.27888E+03	0.28734E+03
1861 0.27785E+03	0.28626E+03
1862 0.27682E+03	0.28520E+03
1863 0.27578E+03	0.28412E+03
1864 0.27477E+03	0.28307E+03
1865 0.27376E+03	0.28202E+03
1866 0.27276E+03	0.28098E+03
1867 0.27175E+03	0.27994E+03
1868 0.27077E+03	0.27891E+03
1869 0.26979E+03	0.27790E+03
1870 0.26882E+03	0.27689E+03
1871 0.26785E+03	0.27588E+03
1872 0.26690E+03	0.27490E+03
1873 0.26596E+03	0.27391E+03
1874 0.26502E+03	0.27294E+03
1875 0.26410E+03	0.27198E+03
1876 0.26318E+03	0.27102E+03
1877 0.26227E+03	0.27008E+03
1878 0.26137E+03	0.26914E+03
1879 0.26048E+03	0.26821E+03
1880 0.25960E+03	0.26730E+03
1881 0.25874E+03	0.26640E+03
1882 0.25787E+03	0.26550E+03
1883 0.25703E+03	0.26462E+03
1884 0.25619E+03	0.26375E+03
1885 0.25537E+03	0.26289E+03
1886 0.25455E+03	0.26203E+03
1887 0.25374E+03	0.26118E+03
1888 0.25295E+03	0.26036E+03
1889 0.25216E+03	0.25954E+03
1890 0.25138E+03	0.25873E+03
1891 0.25063E+03	0.25794E+03
1892 0.24987E+03	0.25715E+03
1893 0.24913E+03	0.25637E+03
1894 0.24840E+03	0.25561E+03
1895 0.24768E+03	0.25486E+03
1896 0.24697E+03	0.25412E+03
1897 0.24628E+03	0.25339E+03
1898 0.24559E+03	0.25267E+03
1899 0.24492E+03	0.25197E+03
1900 0.24425E+03	0.25127E+03
1901 0.24359E+03	0.25059E+03
1902 0.24296E+03	0.24992E+03
1903 0.24233E+03	0.24926E+03
1904 0.24172E+03	0.24863E+03
1905 0.24110E+03	0.24798E+03
1906 0.24050E+03	0.24736E+03
1907 0.23992E+03	0.24675E+03
1908 0.23935E+03	0.24615E+03
1909 0.23878E+03	0.24556E+03
1910 0.23823E+03	0.24498E+03
1911 0.23770E+03	0.24442E+03
1912 0.23717E+03	0.24386E+03
1913 0.23666E+03	0.24333E+03
1914 0.23615E+03	0.24280E+03
1915 0.23566E+03	0.24229E+03
1916 0.23518E+03	0.24177E+03
1917 0.23471E+03	0.24129E+03
1918 0.23425E+03	0.24080E+03
1919 0.23381E+03	0.24034E+03
1920 0.23337E+03	0.23988E+03
1921 0.23294E+03	0.23943E+03
1922 0.23253E+03	0.23900E+03
1923 0.23212E+03	0.23857E+03
1924 0.23172E+03	0.23815E+03
1925 0.23135E+03	0.23775E+03
1926 0.23097E+03	0.23736E+03
1927 0.23059E+03	0.23696E+03
1928 0.23025E+03	0.23660E+03
1929 0.22990E+03	0.23624E+03
1930 0.22957E+03	0.23589E+03
1931 0.22926E+03	0.23556E+03
1932 0.22895E+03	0.23523E+03
1933 0.22865E+03	0.23492E+03
1934 0.22836E+03	0.23461E+03
1935 0.22808E+03	0.23431E+03
1936 0.22781E+03	0.23403E+03
1937 0.22754E+03	0.23375E+03
1938 0.22729E+03	0.23348E+03
1939 0.22705E+03	0.23323E+03
1940 0.22681E+03	0.23298E+03
1941 0.22659E+03	0.23275E+03
1942 0.22637E+03	0.23252E+03
1943 0.22616E+03	0.23230E+03
1944 0.22597E+03	0.23209E+03
1945 0.22577E+03	0.23188E+03
1946 0.22559E+03	0.23169E+03
1947 0.22540E+03	0.23150E+03
1948 0.22524E+03	0.23133E+03
1949 0.22508E+03	0.23116E+03
1950 0.22493E+03	0.23100E+03
1951 0.22479E+03	0.23085E+03
1952 0.22465E+03	0.23071E+03
1953 0.22452E+03	0.23057E+03
1954 0.22440E+03	0.23045E+03
1955 0.22428E+03	0.23032E+03
1956 0.22417E+03	0.23020E+03
1957 0.22409E+03	0.23012E+03
1958 0.22397E+03	0.23000E+03
1959 0.22388E+03	0.22991E+03
1960 0.22379E+03	0.22982E+03
1961 0.22371E+03	0.22973E+03
1962 0.22364E+03	0.22966E+03
1963 0.22357E+03	0.22959E+03
1964 0.22351E+03	0.22952E+03
1965 0.22345E+03	0.22947E+03
1966 0.22340E+03	0.22941E+03
1967 0.22335E+03	0.22937E+03
1968 0.22330E+03	0.22932E+03
1969 0.22327E+03	0.22928E+03
1970 0.22323E+03	0.22924E+03
1971 0.22320E+03	0.22921E+03
1972 0.22317E+03	0.22918E+03
1973 0.22314E+03	0.22916E+03
1974 0.22313E+03	0.22915E+03
1975 0.22311E+03	0.22913E+03
1976 0.22309E+03	0.22912E+03
1977 0.22308E+03	0.22911E+03
1978 0.22307E+03	0.22910E+03
1979 0.22306E+03	0.22910E+03
1980 0.22306E+03	0.22911E+03
1981 0.22306E+03	0.22910E+03
1982 0.22305E+03	0.22911E+03
1983 0.22306E+03	0.22912E+03
1984 0.22306E+03	0.22913E+03
1985 0.22308E+03	0.22914E+03
1986 0.22308E+03	0.22915E+03
1987 0.22308E+03	0.22916E+03
1988 0.22309E+03	0.22918E+03
1989 0.22310E+03	0.22919E+03
1990 0.22312E+03	0.22922E+03
1991 0.22312E+03	0.22922E+03
1992 0.22312E+03	0.22923E+03
1993 0.22313E+03	0.22925E+03
1994 0.22314E+03	0.22927E+03
1995 0.22316E+03	0.22929E+03
1996 0.22316E+03	0.22930E+03
1997 0.22317E+03	0.22932E+03
1998 0.22318E+03	0.22933E+03
1999 0.22318E+03	0.22935E+03
2000 0.22318E+03	0.22935E+03
2001 0.22319E+03	0.22937E+03
2002 0.22319E+03	0.22938E+03
2003 0.22319E+03	0.22939E+03
2004 0.22319E+03	0.22940E+03
2005 0.22318E+03	0.22940E+03
2006 0.22318E+03	0.22941E+03
2007 0.22316E+03	0.22940E+03
2008 0.22316E+03	0.22940E+03
2009 0.22315E+03	0.22940E+03
2010 0.22312E+03	0.22938E+03
2011 0.22310E+03	0.22938E+03
2012 0.22308E+03	0.22936E+03
2013 0.22305E+03	0.22934E+03
2014 0.22302E+03	0.22932E+03
2015 0.22299E+03	0.22930E+03
2016 0.22296E+03	0.22928E+03
2017 0.22291E+03	0.22924E+03
2018 0.22287E+03	0.22921E+03
2019 0.22282E+03	0.22917E+03
2020 0.22277E+03	0.22913E+03
2021 0.22271E+03	0.22908E+03
2022 0.22265E+03	0.22903E+03
2023 0.22258E+03	0.22897E+03
2024 0.22251E+03	0.22891E+03
2025 0.22242E+03	0.22883E+03
2026 0.22235E+03	0.22876E+03
2027 0.22227E+03	0.22869E+03
2028 0.22217E+03	0.22860E+03
2029 0.22208E+03	0.22852E+03
2030 0.22197E+03	0.22842E+03
2031 0.22186E+03	0.22832E+03
2032 0.22175E+03	0.22822E+03
2033 0.22163E+03	0.22810E+03
2034 0.22151E+03	0.22800E+03
2035 0.22137E+03	0.22787E+03
2036 0.22123E+03	0.22774E+03
2037 0.22110E+03	0.22761E+03
2038 0.22093E+03	0.22745E+03
2039 0.22078E+03	0.22731E+03
2040 0.22063E+03	0.22716E+03
2041 0.22045E+03	0.22700E+03
2042 0.22028E+03	0.22683E+03
2043 0.22010E+03	0.22665E+03
2044 0.21992E+03	0.22648E+03
2045 0.21972E+03	0.22629E+03
2046 0.21953E+03	0.22611E+03
2047 0.21932E+03	0.22591E+03
2048 0.21911E+03	0.22570E+03
2049 0.21890E+03	0.22549E+03
2050 0.21867E+03	0.22527E+03
2051 0.21842E+03	0.22503E+03
2052 0.21819E+03	0.22480E+03
2053 0.21794E+03	0.22456E+03
2054 0.21769E+03	0.22431E+03
2055 0.21742E+03	0.22405E+03
2056 0.21716E+03	0.22378E+03
2057 0.21688E+03	0.22351E+03
2058 0.21660E+03	0.22324E+03
2059 0.21632E+03	0.22296E+03
2060 0.21603E+03	0.22266E+03
2061 0.21573E+03	0.22237E+03
2062 0.21542E+03	0.22206E+03
2063 0.21511E+03	0.22175E+03
2064 0.21478E+03	0.22143E+03
2065 0.21445E+03	0.22110E+03
2066 0.21412E+03	0.22077E+03
2067 0.21378E+03	0.22043E+03
2068 0.21342E+03	0.22007E+03
2069 0.21307E+03	0.21972E+03
2070 0.21270E+03	0.21935E+03
2071 0.21233E+03	0.21898E+03
2072 0.21196E+03	0.21860E+03
2073 0.21157E+03	0.21822E+03
2074 0.21118E+03	0.21783E+03
2075 0.21078E+03	0.21743E+03
2076 0.21037E+03	0.21702E+03
2077 0.20997E+03	0.21661E+03
2078 0.20955E+03	0.21619E+03
2079 0.20911E+03	0.21575E+03
2080 0.20869E+03	0.21532E+03
2081 0.20825E+03	0.21488E+03
2082 0.20781E+03	0.21443E+03
2083 0.20736E+03	0.21398E+03
2084 0.20690E+03	0.21351E+03
2085 0.20645E+03	0.21306E+03
2086 0.20597E+03	0.21258E+03
2087 0.20550E+03	0.21210E+03
2088 0.20502E+03	0.21161E+03
2089 0.20453E+03	0.21112E+03
2090 0.20404E+03	0.21062E+03
2091 0.20355E+03	0.21012E+03
2092 0.20304E+03	0.20961E+03
2093 0.20252E+03	0.20908E+03
2094 0.20201E+03	0.20856E+03
2095 0.20149E+03	0.20804E+03
2096 0.20096E+03	0.20750E+03
2097 0.20043E+03	0.20696E+03
2098 0.19990E+03	0.20641E+03
2099 0.19936E+03	0.20586E+03
2100 0.19881E+03	0.20531E+03
2101 0.19826E+03	0.20474E+03
2102 0.19770E+03	0.20417E+03
2103 0.19713E+03	0.20360E+03
2104 0.19657E+03	0.20303E+03
2105 0.19600E+03	0.20244E+03
2106 0.19542E+03	0.20185E+03
2107 0.19484E+03	0.20126E+03
2108 0.19425E+03	0.20065E+03
2109 0.19367E+03	0.20006E+03
2110 0.19307E+03	0.19945E+03
2111 0.19247E+03	0.19884E+03
2112 0.19187E+03	0.19822E+03
2113 0.19126E+03	0.19760E+03
2114 0.19066E+03	0.19698E+03
2115 0.19004E+03	0.19635E+03
2116 0.18944E+03	0.19573E+03
2117 0.18882E+03	0.19509E+03
2118 0.18819E+03	0.19445E+03
2119 0.18757E+03	0.19381E+03
2120 0.18694E+03	0.19316E+03
2121 0.18631E+03	0.19251E+03
2122 0.18567E+03	0.19186E+03
2123 0.18503E+03	0.19121E+03
2124 0.18440E+03	0.19056E+03
2125 0.18376E+03	0.18989E+03
2126 0.18312E+03	0.18924E+03
2127 0.18247E+03	0.18857E+03
2128 0.18183E+03	0.18791E+03
2129 0.18117E+03	0.18724E+03
2130 0.18052E+03	0.18657E+03
2131 0.17987E+03	0.18590E+03
2132 0.17922E+03	0.18523E+03
2133 0.17857E+03	0.18456E+03
2134 0.17791E+03	0.18388E+03
2135 0.17725E+03	0.18320E+03
2136 0.17660E+03	0.18252E+03
2137 0.17594E+03	0.18185E+03
2138 0.17527E+03	0.18116E+03
2139 0.17462E+03	0.18048E+03
2140 0.17395E+03	0.17980E+03
2141 0.17330E+03	0.17912E+03
2142 0.17263E+03	0.17843E+03
2143 0.17196E+03	0.17774E+03
2144 0.17129E+03	0.17705E+03
2145 0.17063E+03	0.17637E+03
2146 0.16997E+03	0.17568E+03
2147 0.16930E+03	0.17500E+03
2148 0.16865E+03	0.17432E+03
2149 0.16799E+03	0.17364E+03
2150 0.16732E+03	0.17295E+03
2151 0.16666E+03	0.17227E+03
2152 0.16601E+03	0.17159E+03
2153 0.16535E+03	0.17090E+03
2154 0.16469E+03	0.17022E+03
2155 0.16403E+03	0.16954E+03
2156 0.16338E+03	0.16887E+03
2157 0.16273E+03	0.16819E+03
2158 0.16208E+03	0.16752E+03
2159 0.16142E+03	0.16684E+03
2160 0.16078E+03	0.16617E+03
2161 0.16013E+03	0.16550E+03
2162 0.15948E+03	0.16483E+03
2163 0.15884E+03	0.16416E+03
2164 0.15820E+03	0.16349E+03
2165 0.15756E+03	0.16283E+03
2166 0.15693E+03	0.16217E+03
2167 0.15628E+03	0.16151E+03
2168 0.15565E+03	0.16085E+03
2169 0.15503E+03	0.16020E+03
2170 0.15441E+03	0.15956E+03
2171 0.15377E+03	0.15890E+03
2172 0.15316E+03	0.15826E+03
2173 0.15254E+03	0.15762E+03
2174 0.15193E+03	0.15698E+03
2175 0.15131E+03	0.15634E+03
2176 0.15070E+03	0.15571E+03
2177 0.15011E+03	0.15509E+03
2178 0.14951E+03	0.15447E+03
2179 0.14891E+03	0.15385E+03
2180 0.14832E+03	0.15323E+03
2181 0.14773E+03	0.15261E+03
2182 0.14714E+03	0.15200E+03
2183 0.14656E+03	0.15139E+03
2184 0.14597E+03	0.15078E+03
2185 0.14540E+03	0.15018E+03
2186 0.14483E+03	0.14959E+03
2187 0.14427E+03	0.14900E+03
2188 0.14370E+03	0.14841E+03
2189 0.14314E+03	0.14783E+03
2190 0.14260E+03	0.14726E+03
2191 0.14204E+03	0.14668E+03
2192 0.14150E+03	0.14612E+03
2193 0.14096E+03	0.14555E+03
2194 0.14042E+03	0.14500E+03
2195 0.13989E+03	0.14444E+03
2196 0.13937E+03	0.14389E+03
2197 0.13885E+03	0.14335E+03
2198 0.13833E+03	0.14281E+03
2199 0.13781E+03	0.14227E+03
2200 0.13731E+03	0.14174E+03
2201 0.13681E+03	0.14122E+03
2202 0.13630E+03	0.14069E+03
2203 0.13582E+03	0.14019E+03
2204 0.13533E+03	0.13967E+03
2205 0.13485E+03	0.13917E+03
2206 0.13437E+03	0.13868E+03
2207 0.13390E+03	0.13818E+03
2208 0.13344E+03	0.13770E+03
2209 0.13297E+03	0.13721E+03
2210 0.13252E+03	0.13674E+03
2211 0.13207E+03	0.13627E+03
2212 0.13163E+03	0.13580E+03
2213 0.13118E+03	0.13534E+03
2214 0.13075E+03	0.13488E+03
2215 0.13032E+03	0.13443E+03
2216 0.12989E+03	0.13398E+03
2217 0.12947E+03	0.13355E+03
2218 0.12905E+03	0.13311E+03
2219 0.12865E+03	0.13269E+03
2220 0.12825E+03	0.13227E+03
2221 0.12784E+03	0.13184E+03
2222 0.12745E+03	0.13143E+03
2223 0.12707E+03	0.13103E+03
2224 0.12668E+03	0.13062E+03
2225 0.12629E+03	0.13022E+03
2226 0.12592E+03	0.12983E+03
2227 0.12555E+03	0.12944E+03
2228 0.12519E+03	0.12906E+03
2229 0.12484E+03	0.12869E+03
2230 0.12448E+03	0.12832E+03
2231 0.12414E+03	0.12796E+03
2232 0.12379E+03	0.12759E+03
2233 0.12345E+03	0.12724E+03
2234 0.12313E+03	0.12690E+03
2235 0.12281E+03	0.12656E+03
2236 0.12249E+03	0.12623E+03
2237 0.12217E+03	0.12590E+03
2238 0.12186E+03	0.12557E+03
2239 0.12155E+03	0.12525E+03
2240 0.12124E+03	0.12492E+03
2241 0.12093E+03	0.12460E+03
2242 0.12065E+03	0.12430E+03
2243 0.12039E+03	0.12403E+03
2244 0.12010E+03	0.12373E+03
2245 0.11983E+03	0.12344E+03
2246 0.11955E+03	0.12315E+03
2247 0.11929E+03	0.12288E+03
2248 0.11903E+03	0.12260E+03
2249 0.11877E+03	0.12233E+03
2250 0.11852E+03	0.12206E+03
2251 0.11827E+03	0.12180E+03
2252 0.11802E+03	0.12154E+03
2253 0.11779E+03	0.12130E+03
2254 0.11756E+03	0.12106E+03
2255 0.11732E+03	0.12081E+03
2256 0.11710E+03	0.12058E+03
2257 0.11688E+03	0.12035E+03
2258 0.11666E+03	0.12012E+03
2259 0.11645E+03	0.11990E+03
2260 0.11625E+03	0.11969E+03
2261 0.11604E+03	0.11947E+03
2262 0.11584E+03	0.11926E+03
2263 0.11565E+03	0.11906E+03
2264 0.11545E+03	0.11886E+03
2265 0.11525E+03	0.11865E+03
2266 0.11507E+03	0.11846E+03
2267 0.11490E+03	0.11827E+03
2268 0.11472E+03	0.11809E+03
2269 0.11454E+03	0.11791E+03
2270 0.11437E+03	0.11773E+03
2271 0.11421E+03	0.11756E+03
2272 0.11405E+03	0.11739E+03
2273 0.11389E+03	0.11722E+03
2274 0.11373E+03	0.11706E+03
2275 0.11357E+03	0.11690E+03
2276 0.11343E+03	0.11675E+03
2277 0.11329E+03	0.11660E+03
2278 0.11314E+03	0.11645E+03
2279 0.11301E+03	0.11631E+03
2280 0.11287E+03	0.11616E+03
2281 0.11273E+03	0.11602E+03
2282 0.11260E+03	0.11588E+03
2283 0.11246E+03	0.11574E+03
2284 0.11234E+03	0.11562E+03
2285 0.11221E+03	0.11549E+03
2286 0.11207E+03	0.11534E+03
2287 0.11194E+03	0.11520E+03
2288 0.11183E+03	0.11509E+03
2289 0.11171E+03	0.11497E+03
2290 0.11160E+03	0.11485E+03
2291 0.11149E+03	0.11474E+03
2292 0.11141E+03	0.11465E+03
2293 0.11130E+03	0.11454E+03
2294 0.11119E+03	0.11443E+03
2295 0.11109E+03	0.11433E+03
2296 0.11098E+03	0.11422E+03
2297 0.11089E+03	0.11412E+03
2298 0.11079E+03	0.11403E+03
2299 0.11069E+03	0.11392E+03
2300 0.11060E+03	0.11383E+03
2301 0.11049E+03	0.11372E+03
2302 0.11040E+03	0.11363E+03
2303 0.11032E+03	0.11354E+03
2304 0.11022E+03	0.11345E+03
2305 0.11013E+03	0.11336E+03
2306 0.11004E+03	0.11327E+03
2307 0.10993E+03	0.11315E+03
2308 0.10985E+03	0.11307E+03
2309 0.10978E+03	0.11300E+03
2310 0.10970E+03	0.11292E+03
2311 0.10961E+03	0.11283E+03
2312 0.10953E+03	0.11275E+03
2313 0.10944E+03	0.11266E+03
2314 0.10936E+03	0.11258E+03
2315 0.10928E+03	0.11250E+03
2316 0.10919E+03	0.11241E+03
2317 0.10911E+03	0.11233E+03
2318 0.10903E+03	0.11225E+03
2319 0.10894E+03	0.11216E+03
2320 0.10886E+03	0.11208E+03
2321 0.10879E+03	0.11201E+03
2322 0.10870E+03	0.11193E+03
2323 0.10861E+03	0.11184E+03
2324 0.10853E+03	0.11176E+03
2325 0.10845E+03	0.11168E+03
2326 0.10837E+03	0.11160E+03
2327 0.10829E+03	0.11152E+03
2328 0.10822E+03	0.11145E+03
2329 0.10814E+03	0.11137E+03
2330 0.10806E+03	0.11129E+03
2331 0.10796E+03	0.11120E+03
2332 0.10788E+03	0.11112E+03
2333 0.10780E+03	0.11104E+03
2334 0.10770E+03	0.11093E+03
2335 0.10761E+03	0.11085E+03
2336 0.10752E+03	0.11076E+03
2337 0.10743E+03	0.11067E+03
2338 0.10734E+03	0.11058E+03
2339 0.10724E+03	0.11049E+03
2340 0.10715E+03	0.11039E+03
2341 0.10707E+03	0.11032E+03
2342 0.10697E+03	0.11022E+03
2343 0.10687E+03	0.11012E+03
2344 0.10677E+03	0.11003E+03
2345 0.10668E+03	0.10993E+03
2346 0.10658E+03	0.10984E+03
2347 0.10649E+03	0.10975E+03
2348 0.10639E+03	0.10965E+03
2349 0.10630E+03	0.10956E+03
2350 0.10618E+03	0.10944E+03
2351 0.10607E+03	0.10933E+03
2352 0.10596E+03	0.10923E+03
2353 0.10585E+03	0.10912E+03
2354 0.10575E+03	0.10902E+03
2355 0.10564E+03	0.10890E+03
2356 0.10552E+03	0.10879E+03
2357 0.10540E+03	0.10867E+03
2358 0.10529E+03	0.10856E+03
2359 0.10517E+03	0.10844E+03
2360 0.10505E+03	0.10832E+03
2361 0.10493E+03	0.10820E+03
2362 0.10480E+03	0.10808E+03
2363 0.10468E+03	0.10795E+03
2364 0.10455E+03	0.10782E+03
2365 0.10442E+03	0.10770E+03
2366 0.10429E+03	0.10756E+03
2367 0.10416E+03	0.10744E+03
2368 0.10402E+03	0.10730E+03
2369 0.10389E+03	0.10716E+03
2370 0.10374E+03	0.10702E+03
2371 0.10361E+03	0.10689E+03
2372 0.10347E+03	0.10675E+03
2373 0.10331E+03	0.10659E+03
2374 0.10317E+03	0.10645E+03
2375 0.10301E+03	0.10629E+03
2376 0.10287E+03	0.10615E+03
2377 0.10271E+03	0.10599E+03
2378 0.10256E+03	0.10584E+03
2379 0.10240E+03	0.10568E+03
2380 0.10225E+03	0.10552E+03
2381 0.10209E+03	0.10536E+03
2382 0.10193E+03	0.10520E+03
2383 0.10176E+03	0.10503E+03
2384 0.10159E+03	0.10487E+03
2385 0.10142E+03	0.10469E+03
2386 0.10125E+03	0.10452E+03
2387 0.10108E+03	0.10435E+03
2388 0.10090E+03	0.10417E+03
2389 0.10072E+03	0.10399E+03
2390 0.10055E+03	0.10381E+03
2391 0.10036E+03	0.10362E+03
2392 0.10017E+03	0.10344E+03
2393 0.99997E+02	0.10326E+03
2394 0.99801E+02	0.10306E+03
2395 0.99615E+02	0.10287E+03
2396 0.99423E+02	0.10268E+03
2397 0.99234E+02	0.10249E+03
2398 0.99032E+02	0.10228E+03
2399 0.98847E+02	0.10209E+03
2400 0.98649E+02	0.10189E+03
2401 0.98445E+02	0.10169E+03
2402 0.98252E+02	0.10149E+03
2403 0.98045E+02	0.10128E+03
2404 0.97841E+02	0.10107E+03
2405 0.97631E+02	0.10086E+03
2406 0.97430E+02	0.10065E+03
2407 0.97217E+02	0.10044E+03
2408 0.97006E+02	0.10022E+03
2409 0.96789E+02	0.10000E+03
2410 0.96581E+02	0.99789E+02
2411 0.96368E+02	0.99572E+02
2412 0.96142E+02	0.99342E+02
2413 0.95925E+02	0.99120E+02
2414 0.95703E+02	0.98893E+02
2415 0.95482E+02	0.98668E+02
2416 0.95263E+02	0.98444E+02
2417 0.95039E+02	0.98215E+02
2418 0.94815E+02	0.97987E+02
2419 0.94587E+02	0.97753E+02
2420 0.94359E+02	0.97520E+02
2421 0.94126E+02	0.97282E+02
2422 0.93902E+02	0.97052E+02
2423 0.93665E+02	0.96809E+02
2424 0.93428E+02	0.96567E+02
2425 0.93201E+02	0.96334E+02
2426 0.92961E+02	0.96088E+02
2427 0.92721E+02	0.95842E+02
2428 0.92490E+02	0.95606E+02
2429 0.92246E+02	0.95355E+02
2430 0.92011E+02	0.95113E+02
2431 0.91761E+02	0.94858E+02
2432 0.91528E+02	0.94618E+02
2433 0.91274E+02	0.94357E+02
2434 0.91035E+02	0.94112E+02
2435 0.90790E+02	0.93860E+02
2436 0.90546E+02	0.93610E+02
2437 0.90303E+02	0.93360E+02
2438 0.90054E+02	0.93104E+02
2439 0.89806E+02	0.92848E+02
2440 0.89565E+02	0.92600E+02
2441 0.89311E+02	0.92339E+02
2442 0.89065E+02	0.92085E+02
2443 0.88812E+02	0.91825E+02
2444 0.88560E+02	0.91566E+02
2445 0.88309E+02	0.91307E+02
2446 0.88058E+02	0.91048E+02
2447 0.87808E+02	0.90790E+02
2448 0.87551E+02	0.90525E+02
2449 0.87302E+02	0.90268E+02
2450 0.87046E+02	0.90004E+02
2451 0.86791E+02	0.89741E+02
2452 0.86528E+02	0.89470E+02
2453 0.86281E+02	0.89215E+02
2454 0.86027E+02	0.88952E+02
2455 0.85773E+02	0.88690E+02
2456 0.85520E+02	0.88427E+02
2457 0.85267E+02	0.88166E+02
2458 0.85006E+02	0.87896E+02
2459 0.84761E+02	0.87642E+02
2460 0.84508E+02	0.87381E+02
2461 0.84249E+02	0.87112E+02
2462 0.84004E+02	0.86858E+02
2463 0.83751E+02	0.86597E+02
2464 0.83499E+02	0.86336E+02
2465 0.83255E+02	0.86082E+02
2466 0.83003E+02	0.85821E+02
2467 0.82750E+02	0.85559E+02
2468 0.82498E+02	0.85298E+02
2469 0.82246E+02	0.85036E+02
2470 0.81993E+02	0.84774E+02
2471 0.81748E+02	0.84519E+02
2472 0.81502E+02	0.84264E+02
2473 0.81257E+02	0.84009E+02
2474 0.81011E+02	0.83754E+02
2475 0.80764E+02	0.83498E+02
2476 0.80525E+02	0.83249E+02
2477 0.80278E+02	0.82992E+02
2478 0.80038E+02	0.82742E+02
2479 0.79789E+02	0.82485E+02
2480 0.79556E+02	0.82241E+02
2481 0.79307E+02	0.81983E+02
2482 0.79072E+02	0.81738E+02
2483 0.78829E+02	0.81486E+02
2484 0.78590E+02	0.81237E+02
2485 0.78357E+02	0.80995E+02
2486 0.78124E+02	0.80752E+02
2487 0.77889E+02	0.80508E+02
2488 0.77659E+02	0.80268E+02
2489 0.77426E+02	0.80025E+02
2490 0.77196E+02	0.79786E+02
2491 0.76968E+02	0.79548E+02
2492 0.76738E+02	0.79309E+02
2493 0.76512E+02	0.79073E+02
2494 0.76287E+02	0.78839E+02
2495 0.76063E+02	0.78605E+02
2496 0.75839E+02	0.78372E+02
2497 0.75618E+02	0.78141E+02
2498 0.75397E+02	0.77911E+02
2499 0.75179E+02	0.77683E+02
2500 0.74960E+02	0.77456E+02
