 # l_c   lmin  lmax   D_l      +dD_l     -dD_l
   2.0     2     2   242.202   563.606   140.101
   3.0     3     3   886.209  1144.911   424.204
   4.0     4     4   728.107   697.007   307.903
   5.0     5     5  1391.614  1066.911   530.005
   6.0     6     6   542.605   357.904   191.802
   7.0     7     7  1122.711   647.206   367.304
   8.0     8     8   657.007   340.503   202.002
   9.0     9     9   649.006   310.903   191.102
  10.0    10    10   874.709   385.704   244.102
  11.0    11    11   986.010   403.904   262.203
  12.0    12    12   783.108   303.903   201.502
  13.0    13    13   678.707   250.103   168.702
  14.0    14    14   824.508   286.503   196.502
  15.0    15    15   877.409   291.803   203.102
  16.0    16    16   703.907   230.902   162.502
  17.0    17    17   881.209   272.003   193.802
  18.0    18    18   680.007   204.002   146.801
  19.0    19    19   841.808   244.402   177.602
  20.0    20    20   763.308   213.102   156.402
  21.0    21    21   670.407   184.902   136.701
  22.0    22    22   600.506   162.202   120.801
  23.0    23    23   774.008   201.302   151.002
  24.0    24    24   822.608   207.002   156.202
  25.0    25    25   848.708   211.302   160.702
  26.0    26    26   903.509   217.802   166.702
  27.0    27    27   897.509   210.502   161.802
  28.0    28    28  1142.311   261.603   201.702
  29.0    29    29  1140.011   255.503   198.302
  30.0    30    30   963.910   213.902   167.102
  31.0    31    31   924.909   199.302   156.002
  32.0    32    32  1438.414   301.103   236.602
  33.0    33    33   997.610   207.402   163.502
  34.0    34    34  1100.411   226.602   179.602
  35.0    35    35   959.510   194.802   154.602
  36.0    36    36  1141.411   226.302   180.402
  37.0    37    37  1364.214   266.503   212.902
  38.0    38    38  1253.113   242.002   194.102
  39.0    39    39  1255.113   238.302   191.602
  40.0    40    40  1947.819   361.004   291.203
  41.0    41    41  1208.312   223.502   180.702
  42.0    42    42  1298.013   236.702   192.202
  43.0    43    43  1352.914   241.602   196.802
  44.0    44    44  1188.012   213.202   174.102
  45.0    45    45   996.410   178.702   145.801
  46.0    46    46  1237.212   216.402   177.002
  47.0    47    47  1680.317   285.203   234.202
  48.0    48    48  1053.111   181.002   148.901
  49.0    49    49  1642.316   272.403   224.502
  50.0    50    50  1615.616   265.203   219.402
  51.0    51    51  1149.011   189.402   156.802
  52.0    52    52  1538.715   246.402   204.302
  53.0    53    53  1112.611   178.502   148.101
  54.0    54    54  1234.612   196.802   163.802
  55.0    55    55  1439.914   223.802   186.802
  56.0    56    56  1815.318   279.303   233.102
  57.0    57    57  1681.517   256.003   214.302
  58.0    58    58  1777.418   268.503   225.002
  59.0    59    59  1301.913   200.102   167.702
  60.0    60    60  1651.317   244.302   205.102
  61.0    61    61  1529.815   225.502   190.202
  62.0    62    62  2035.220   295.903   249.402
  63.0    63    63  1744.417   253.903   214.202
  64.0    64    64  1663.317   239.202   202.402
  65.0    65    65  1590.616   226.302   191.502
  66.0    66    66  1587.616   225.302   191.102
  67.0    67    67  1903.619   267.303   226.902
  68.0    68    68  1790.718   250.403   212.402
  69.0    69    69  2210.522   303.603   257.903
  70.0    70    70  1871.519   259.303   220.702
  71.0    71    71  1794.918   244.602   208.202
  72.0    72    72  1698.017   231.702   197.202
  73.0    73    73  2520.325   333.003   284.503
  74.0    74    74  2215.022   294.603   252.203
  75.0    75    75  1888.119   252.703   216.302
  76.0    76    76  1742.017   228.502   196.002
  77.0    77    77  2239.922   293.303   251.303
  78.0    78    78  1872.119   240.602   207.002
  79.0    79    79  1541.815   200.502   172.302
  80.0    80    80  2196.922   280.303   241.202
  81.0    81    81  2222.422   280.903   242.102
  82.0    82    82  2686.527   333.703   287.803
  83.0    83    83  1952.920   245.802   212.202
  84.0    84    84  1849.218   231.502   200.002
  85.0    85    85  2259.723   278.403   240.602
  86.0    86    86  2522.925   309.303   267.503
  87.0    87    87  2538.625   306.403   265.103
  88.0    88    88  1993.020   245.002   212.102
  89.0    89    89  2477.025   296.003   256.803
  90.0    90    90  2565.126   305.003   265.203
  91.0    91    91  2693.727   316.703   275.403
  92.0    92    92  2609.626   305.503   265.703
  93.0    93    93  2700.127   315.503   275.103
  94.0    94    94  2358.624   277.003   241.602
  95.0    95    95  2088.421   246.002   213.702
  96.0    96    96  2329.223   271.303   236.202
  97.0    97    97  2678.027   306.503   267.403
  98.0    98    98  1947.119   223.902   195.302
  99.0    99    99  2732.827   308.903   269.503
 100.0   100   100  2832.428   319.503   279.403
 101.0   101   101  2795.728   313.003   273.603
 102.0   102   102  2957.430   326.103   285.703
 103.0   103   103  2864.329   317.303   278.603
 104.0   104   104  3286.433   362.004   317.803
 105.0   105   105  2341.323   260.203   229.202
 106.0   106   106  2993.830   326.203   286.903
 107.0   107   107  2855.229   308.203   270.803
 108.0   108   108  3658.337   393.104   344.803
 109.0   109   109  2992.730   321.203   282.603
 110.0   110   110  3194.232   340.603   299.503
 111.0   111   111  2800.728   301.203   265.203
 112.0   112   112  2831.828   299.003   263.203
 113.0   113   113  2655.327   282.603   249.102
 114.0   114   114  2509.025   264.203   233.502
 115.0   115   115  3417.434   355.504   313.503
 116.0   116   116  3461.935   357.804   316.103
 117.0   117   117  4240.542   435.704   385.004
 118.0   118   118  3597.836   369.304   326.703
 119.0   119   119  3404.834   347.403   307.403
 120.0   120   120  2925.429   303.103   268.303
 121.0   121   121  4477.945   451.405   399.204
 122.0   122   122  3334.133   337.603   298.503
 123.0   123   123  3666.237   370.404   328.303
 124.0   124   124  3091.931   314.903   278.803
 125.0   125   125  3422.534   343.603   305.203
 126.0   126   126  3589.136   357.504   316.703
 127.0   127   127  3736.337   372.504   330.403
 128.0   128   128  3663.637   361.304   321.903
 129.0   129   129  3423.534   341.503   303.803
 130.0   130   130  4052.241   396.704   352.204
 131.0   131   131  3485.935   339.703   302.203
 132.0   132   132  3578.136   350.204   311.703
 133.0   133   133  3856.739   371.404   331.103
 134.0   134   134  3503.035   339.003   302.203
 135.0   135   135  3852.439   372.004   331.803
 136.0   136   136  4532.545   432.204   384.904
 137.0   137   137  3982.840   376.904   336.303
 138.0   138   138  3980.240   378.004   337.003
 139.0   139   139  4208.842   395.904   353.604
 140.0   140   140  3993.840   377.804   337.403
 141.0   141   141  4058.641   383.304   341.803
 142.0   142   142  4352.244   403.304   360.804
 143.0   143   143  4658.347   430.904   385.304
 144.0   144   144  4004.340   374.104   333.303
 145.0   145   145  4879.649   449.504   401.504
 146.0   146   146  4374.144   399.804   358.104
 147.0   147   147  4307.643   395.904   354.404
 148.0   148   148  3902.039   360.404   322.803
 149.0   149   149  4139.241   380.104   340.103
 150.0   150   150  4707.947   424.304   380.904
 151.0   151   151  4298.743   390.804   350.604
 152.0   152   152  4281.843   388.104   347.803
 153.0   153   153  5243.252   470.205   421.704
 154.0   154   154  3968.240   357.104   320.503
 155.0   155   155  4576.446   409.604   367.604
 156.0   156   156  4393.544   390.704   351.404
 157.0   157   157  4849.148   433.404   389.904
 158.0   158   158  5201.252   456.405   410.504
 159.0   159   159  4780.248   418.404   376.404
 160.0   160   160  4995.150   435.604   391.904
 161.0   161   161  4874.449   426.804   384.504
 162.0   162   162  4273.743   372.304   335.303
 163.0   163   163  4613.646   403.704   363.404
 164.0   164   164  5160.752   444.304   400.404
 165.0   165   165  4644.846   402.704   363.004
 166.0   166   166  5022.750   432.604   389.704
 167.0   167   167  4918.449   423.904   382.804
 168.0   168   168  5272.353   453.005   408.104
 169.0   169   169  4688.147   404.104   364.904
 170.0   170   170  4869.449   416.604   375.704
 171.0   171   171  4759.748   408.004   368.104
 172.0   172   172  5817.858   492.205   443.504
 173.0   173   173  5522.655   461.805   417.304
 174.0   174   174  4872.549   409.304   370.104
 175.0   175   175  5205.852   439.004   396.904
 176.0   176   176  5258.753   438.604   396.704
 177.0   177   177  4929.249   411.804   372.004
 178.0   178   178  5033.050   418.804   379.304
 179.0   179   179  6021.260   494.605   447.504
 180.0   180   180  5028.050   418.104   378.204
 181.0   181   181  4273.243   354.704   321.303
 182.0   182   182  4857.749   401.904   364.104
 183.0   183   183  5165.352   424.904   385.004
 184.0   184   184  5046.150   413.804   374.304
 185.0   185   185  5919.159   481.705   436.404
 186.0   186   186  5437.454   443.704   401.704
 187.0   187   187  4939.249   400.804   363.704
 188.0   188   188  5721.257   460.105   417.904
 189.0   189   189  6065.261   486.105   440.704
 190.0   190   190  5501.255   445.204   404.004
 191.0   191   191  5683.557   454.505   412.304
 192.0   192   192  5788.858   462.805   422.004
 193.0   193   193  5474.855   434.604   395.504
 194.0   194   194  5483.755   436.004   394.904
 195.0   195   195  4726.747   378.404   343.903
 196.0   196   196  5318.753   419.404   381.804
 197.0   197   197  5674.657   446.904   407.104
 198.0   198   198  5651.657   447.104   406.604
 199.0   199   199  5341.753   422.104   384.204
 200.0   200   200  5702.757   447.804   407.304
 201.0   201   201  5638.756   442.404   402.604
 202.0   202   202  5683.757   442.204   402.404
 203.0   203   203  6200.162   478.505   435.804
 204.0   204   204  5470.755   425.904   388.404
 205.0   205   205  5795.358   448.004   407.804
 206.0   206   206  5322.953   413.004   376.104
 207.0   207   207  4993.950   385.904   352.004
 208.0   208   208  5367.954   412.604   376.504
 209.0   209   209  5045.750   389.104   354.204
 210.0   210   210  5858.259   443.904   405.404
 211.0   211   211  5560.956   419.904   383.204
 212.0   212   212  5936.959   454.305   414.104
 213.0   213   213  5752.758   435.504   397.604
 214.0   214   214  5475.055   415.004   378.904
 215.0   215   215  6458.365   482.505   440.604
 216.0   216   216  5636.356   429.604   391.104
 217.0   217   217  5473.955   413.704   376.704
 218.0   218   218  5802.258   432.704   394.804
 219.0   219   219  5558.356   416.304   380.904
 220.0   220   220  6214.962   459.105   419.704
 221.0   221   221  6071.461   452.905   414.404
 222.0   222   222  6301.263   468.105   428.204
 223.0   223   223  5850.859   436.404   398.604
 224.0   224   224  5657.157   418.104   381.704
 225.0   225   225  5775.158   426.204   389.904
 226.0   226   226  5793.558   427.004   391.004
 227.0   227   227  6149.761   452.405   413.604
 228.0   228   228  5609.056   410.204   375.204
 229.0   229   229  5228.152   385.504   352.604
 230.0   230   230  5559.556   402.504   368.804
 231.0   231   231  5935.459   432.604   395.804
 232.0   232   232  5738.657   418.004   382.704
 233.0   233   233  6077.761   441.204   403.304
 234.0   234   234  5081.551   374.604   346.103
 235.0   235   235  6116.061   440.304   405.404
 236.0   236   236  6174.262   441.404   406.004
 237.0   237   237  5487.455   395.204   362.504
 238.0   238   238  5677.057   409.204   375.704
 239.0   239   239  5667.257   405.604   372.204
 240.0   240   240  5954.260   424.804   389.004
 241.0   241   241  5799.058   408.504   375.504
 242.0   242   242  5407.754   385.704   354.204
 243.0   243   243  5454.555   389.604   357.104
 244.0   244   244  5498.655   391.404   359.404
 245.0   245   245  6384.664   447.304   411.104
 246.0   246   246  5608.556   396.004   363.904
 247.0   247   247  5801.758   407.104   374.304
 248.0   248   248  5800.658   409.404   374.904
 249.0   249   249  4875.049   344.703   316.503
 250.0   250   250  5458.955   382.804   351.504
