   0.2000000E+01    2    2   0.2422020E+03   0.5636060E+03   0.1401010E+03
   0.3000000E+01    3    3   0.8862090E+03   0.1144911E+04   0.4242040E+03
   0.4000000E+01    4    4   0.7281070E+03   0.6970070E+03   0.3079030E+03
   0.5000000E+01    5    5   0.1391614E+04   0.1066911E+04   0.5300050E+03
   0.6000000E+01    6    6   0.5426050E+03   0.3579040E+03   0.1918020E+03
   0.7000000E+01    7    7   0.1122711E+04   0.6472060E+03   0.3673040E+03
   0.8000000E+01    8    8   0.6570070E+03   0.3405030E+03   0.2020020E+03
   0.9000000E+01    9    9   0.6490060E+03   0.3109030E+03   0.1911020E+03
   0.1000000E+02   10   10   0.8747090E+03   0.3857040E+03   0.2441020E+03
   0.1100000E+02   11   11   0.9860100E+03   0.4039040E+03   0.2622030E+03
   0.1200000E+02   12   12   0.7831080E+03   0.3039030E+03   0.2015020E+03
   0.1300000E+02   13   13   0.6787070E+03   0.2501030E+03   0.1687020E+03
   0.1400000E+02   14   14   0.8245080E+03   0.2865030E+03   0.1965020E+03
   0.1500000E+02   15   15   0.8774090E+03   0.2918030E+03   0.2031020E+03
   0.1600000E+02   16   16   0.7039070E+03   0.2309020E+03   0.1625020E+03
   0.1700000E+02   17   17   0.8812090E+03   0.2720030E+03   0.1938020E+03
   0.1800000E+02   18   18   0.6800070E+03   0.2040020E+03   0.1468010E+03
   0.1900000E+02   19   19   0.8418080E+03   0.2444020E+03   0.1776020E+03
   0.2000000E+02   20   20   0.7633080E+03   0.2131020E+03   0.1564020E+03
   0.2100000E+02   21   21   0.6704070E+03   0.1849020E+03   0.1367010E+03
   0.2200000E+02   22   22   0.6005060E+03   0.1622020E+03   0.1208010E+03
   0.2300000E+02   23   23   0.7740080E+03   0.2013020E+03   0.1510020E+03
   0.2400000E+02   24   24   0.8226080E+03   0.2070020E+03   0.1562020E+03
   0.2500000E+02   25   25   0.8487080E+03   0.2113020E+03   0.1607020E+03
   0.2600000E+02   26   26   0.9035090E+03   0.2178020E+03   0.1667020E+03
   0.2700000E+02   27   27   0.8975090E+03   0.2105020E+03   0.1618020E+03
   0.2800000E+02   28   28   0.1142311E+04   0.2616030E+03   0.2017020E+03
   0.2900000E+02   29   29   0.1140011E+04   0.2555030E+03   0.1983020E+03
   0.3000000E+02   30   30   0.9639100E+03   0.2139020E+03   0.1671020E+03
   0.3150000E+02   31   32   0.1181661E+04   0.1661935E+03   0.1302400E+03
   0.3350000E+02   33   34   0.1049011E+04   0.1529936E+03   0.1209054E+03
   0.3550000E+02   35   36   0.1050461E+04   0.1476372E+03   0.1173917E+03
   0.3750000E+02   37   38   0.1308664E+04   0.1791584E+03   0.1434377E+03
   0.3950000E+02   39   40   0.1601466E+04   0.1988791E+03   0.1600623E+03
   0.4200000E+02   41   43   0.1286413E+04   0.1348416E+03   0.1094262E+03
   0.4500000E+02   44   46   0.1140545E+04   0.1157266E+03   0.9451195E+02
   0.4800000E+02   47   49   0.1458581E+04   0.1332814E+03   0.1096487E+03
   0.5150000E+02   50   53   0.1353988E+04   0.1054390E+03   0.8737180E+02
   0.5550000E+02   54   57   0.1542840E+04   0.1163566E+03   0.9708011E+02
   0.6000000E+02   58   62   0.1659137E+04   0.1074049E+03   0.9024031E+02
   0.6500000E+02   63   67   0.1697917E+04   0.1077006E+03   0.9118133E+02
   0.7050000E+02   68   73   0.1981003E+04   0.1078147E+03   0.9172066E+02
   0.7650000E+02   74   79   0.1916502E+04   0.9994636E+02   0.8575524E+02
   0.8300000E+02   80   86   0.2241522E+04   0.1037254E+03   0.8952210E+02
   0.9050000E+02   87   94   0.2491988E+04   0.1035634E+03   0.8997220E+02
   0.9900000E+02   95  103   0.2580615E+04   0.9512123E+02   0.8301864E+02
   0.1085000E+03  104  113   0.2961000E+04   0.9909310E+02   0.8718073E+02
   0.1190000E+03  114  124   0.3466116E+04   0.1037654E+03   0.9176509E+02
   0.1305000E+03  125  136   0.3724687E+04   0.1045760E+03   0.9302465E+02
   0.1430000E+03  137  149   0.4218619E+04   0.1083922E+03   0.9684925E+02
   0.1570000E+03  150  164   0.4681227E+04   0.1062211E+03   0.9547655E+02
   0.1720000E+03  165  179   0.5122465E+04   0.1113181E+03   0.1005161E+03
   0.1870000E+03  180  194   0.5359014E+04   0.1111676E+03   0.1008011E+03
   0.2020000E+03  195  209   0.5462381E+04   0.1094876E+03   0.9969290E+02
   0.2170000E+03  210  224   0.5840599E+04   0.1128723E+03   0.1030482E+03
   0.2320000E+03  225  239   0.5738051E+04   0.1073388E+03   0.9842135E+02
   0.2450000E+03  240  250   0.5640357E+04   0.1195346E+03   0.1097304E+03
