   0.2000000E+01    2    2   0.2422020E+03   0.5636060E+03   0.1401010E+03
   0.3000000E+01    3    3   0.8862090E+03   0.1144911E+04   0.4242040E+03
   0.4000000E+01    4    4   0.7281070E+03   0.6970070E+03   0.3079030E+03
   0.5000000E+01    5    5   0.1391614E+04   0.1066911E+04   0.5300050E+03
   0.6000000E+01    6    6   0.5426050E+03   0.3579040E+03   0.1918020E+03
   0.7000000E+01    7    7   0.1122711E+04   0.6472060E+03   0.3673040E+03
   0.8000000E+01    8    8   0.6570070E+03   0.3405030E+03   0.2020020E+03
   0.9000000E+01    9    9   0.6490060E+03   0.3109030E+03   0.1911020E+03
   0.1000000E+02   10   10   0.8747090E+03   0.3857040E+03   0.2441020E+03
   0.1100000E+02   11   11   0.9860100E+03   0.4039040E+03   0.2622030E+03
   0.1200000E+02   12   12   0.7831080E+03   0.3039030E+03   0.2015020E+03
   0.1300000E+02   13   13   0.6787070E+03   0.2501030E+03   0.1687020E+03
   0.1400000E+02   14   14   0.8245080E+03   0.2865030E+03   0.1965020E+03
   0.1500000E+02   15   15   0.8774090E+03   0.2918030E+03   0.2031020E+03
   0.1600000E+02   16   16   0.7039070E+03   0.2309020E+03   0.1625020E+03
   0.1700000E+02   17   17   0.8812090E+03   0.2720030E+03   0.1938020E+03
   0.1800000E+02   18   18   0.6800070E+03   0.2040020E+03   0.1468010E+03
   0.1900000E+02   19   19   0.8418080E+03   0.2444020E+03   0.1776020E+03
   0.2000000E+02   20   20   0.7633080E+03   0.2131020E+03   0.1564020E+03
   0.2100000E+02   21   21   0.6704070E+03   0.1849020E+03   0.1367010E+03
   0.2200000E+02   22   22   0.6005060E+03   0.1622020E+03   0.1208010E+03
   0.2300000E+02   23   23   0.7740080E+03   0.2013020E+03   0.1510020E+03
   0.2400000E+02   24   24   0.8226080E+03   0.2070020E+03   0.1562020E+03
   0.2500000E+02   25   25   0.8487080E+03   0.2113020E+03   0.1607020E+03
   0.2600000E+02   26   26   0.9035090E+03   0.2178020E+03   0.1667020E+03
   0.2700000E+02   27   27   0.8975090E+03   0.2105020E+03   0.1618020E+03
   0.2800000E+02   28   28   0.1142311E+04   0.2616030E+03   0.2017020E+03
   0.2900000E+02   29   29   0.1140011E+04   0.2555030E+03   0.1983020E+03
   0.3000000E+02   30   30   0.9639100E+03   0.2139020E+03   0.1671020E+03
32 32 32 1108.4480412726 117.6932694179 117.6932694179
37 37 37 1187.9674826845 117.2771573436 117.2771573436
42 42 42 1437.3363082601 118.2561982542 118.2561982542
47 47 47 1380.0196827833 119.8351288003 119.8351288003
52 52 52 1333.2404999850 122.2295185590 122.2295185590
57 57 57 1605.9392598124 124.5468146133 124.5468146133
62 62 62 1677.4684239225 127.6223911809 127.6223911809
67 67 67 1842.4792824052 130.8805871610 130.8805871610
72 72 72 1987.0879002064 134.4921786937 134.4921786937
77 77 77 1773.0065774720 138.3501310543 138.3501310543
82 82 82 2175.5417626213 143.1180586544 143.1180586544
87 87 87 2342.0448634133 147.4451039782 147.4451039782
92 92 92 2459.6150667139 152.4483169134 152.4483169134
97 97 97 2488.0679232317 157.3312519613 157.3312519613
104 104 104 2962.4215660940 119.6563946791 119.6563946791
113 113 113 3227.3966747225 126.4893003916 126.4893003916
122 122 122 3388.4896807228 133.7258257023 133.7258257023
131 131 131 3594.5357730009 140.7421037679 140.7421037679
140 140 140 4233.7067515280 147.4971914405 147.4971914405
149 149 149 4256.1926420651 153.3372705341 153.3372705341
158 158 158 4782.5409837521 158.7470879347 158.7470879347
167 167 167 4846.2437184459 163.5728093592 163.5728093592
176 176 176 5127.7499212821 167.0360308121 167.0360308121
185 185 185 5379.5611318989 169.2237047685 169.2237047685
194 194 194 5550.8540215014 170.2722345063 170.2722345063
203 203 203 5449.2685127150 170.1513210973 170.1513210973
212 212 212 5636.3704570421 168.5045281841 168.5045281841
221 221 221 5815.2773953188 165.4944255964 165.4944255964
230 230 230 5689.5335350895 161.3263543002 161.3263543002
239 239 239 5779.6116035804 156.2086809852 156.2086809852
248 248 248 5433.6700540609 149.9438308524 149.9438308524
257 257 257 5230.9376671262 142.5495171919 142.5495171919
266 266 266 5092.1745790042 134.9348080820 134.9348080820
275 275 275 5103.8223188947 126.5213034662 126.5213034662
284 284 284 4548.6237334268 118.0262513333 118.0262513333
293 293 293 4377.5262010887 109.1197273911 109.1197273911
302 302 302 3933.9932564121 100.3183285889 100.3183285889
311 311 311 3651.0084525296 91.6132740756 91.6132740756
320 320 320 3411.2401915640 83.2166987022 83.2166987022
329 329 329 3176.7647157845 75.3992181737 75.3992181737
338 338 338 2844.8392002333 68.0349021928 68.0349021928
347 347 347 2498.9361012200 61.4911165917 61.4911165917
356 356 356 2359.2330418503 55.5918930037 55.5918930037
365 365 365 2184.2468289425 50.5895575780 50.5895575780
374 374 374 2039.2081653415 46.4868762343 46.4868762343
383 383 383 1892.8974722609 43.1264642146 43.1264642146
392 392 392 1787.8960238624 40.7805820933 40.7805820933
401 401 401 1732.9887934315 39.1076226641 39.1076226641
410 410 410 1739.4642872541 38.1878106363 38.1878106363
419 419 419 1729.7711799536 37.9915267370 37.9915267370
428 428 428 1769.1374645755 38.3081073489 38.3081073489
437 437 437 1770.0126059035 39.0044692710 39.0044692710
446 446 446 1856.9490867788 40.0334846324 40.0334846324
455 455 455 2046.0965723266 41.3751441099 41.3751441099
464 464 464 2224.5689006697 42.8170458020 42.8170458020
473 473 473 2178.9879149518 44.1649899998 44.1649899998
482 482 482 2325.1760502696 45.4424624736 45.4424624736
491 491 491 2419.7791286073 46.6587848743 46.6587848743
500 500 500 2447.7949544184 47.7595987134 47.7595987134
509 509 509 2579.9163040560 48.4177655774 48.4177655774
518 518 518 2557.0908484148 48.7631946235 48.7631946235
527 527 527 2581.4654986949 48.9932254904 48.9932254904
536 536 536 2523.5796166670 48.7447918613 48.7447918613
545 545 545 2519.7922717550 48.0759719591 48.0759719591
554 554 554 2564.0645988246 47.3783146332 47.3783146332
563 563 563 2544.9674847715 46.1738244153 46.1738244153
572 572 572 2413.5692312508 44.9025151120 44.9025151120
581 581 581 2409.4407740440 43.3775562028 43.3775562028
590 590 590 2373.1425554177 41.8098267645 41.8098267645
599 599 599 2205.8076655780 40.1564706582 40.1564706582
608 608 608 2118.7937500925 38.5066803188 38.5066803188
617 617 617 2136.2173023343 36.8868499741 36.8868499741
626 626 626 1953.2869009924 35.3959561984 35.3959561984
635 635 635 1937.3850317156 34.0222692714 34.0222692714
644 644 644 1857.5297874858 32.8724987473 32.8724987473
653 653 653 1849.0346751726 32.0281828074 32.0281828074
662 662 662 1849.5531866300 31.3321436883 31.3321436883
671 671 671 1814.9707175853 30.9280713937 30.9280713937
680 680 680 1761.1827525918 30.7914791335 30.7914791335
689 689 689 1822.4710759195 30.8685928308 30.8685928308
698 698 698 1886.9924881137 31.2136100491 31.2136100491
707 707 707 1891.1740999163 31.7281883894 31.7281883894
716 716 716 1908.9006515040 32.4000028412 32.4000028412
725 725 725 1996.2462359255 33.2531464925 33.2531464925
734 734 734 2051.6144256135 34.1184380049 34.1184380049
743 743 743 2181.9061869844 35.0854085771 35.0854085771
752 752 752 2259.3558190364 36.0172794459 36.0172794459
761 761 761 2345.4828004227 36.9022048546 36.9022048546
770 770 770 2348.3296127717 37.6972291370 37.6972291370
779 779 779 2351.8874221928 38.3501513995 38.3501513995
788 788 788 2483.2780559439 38.7668540873 38.7668540873
797 797 797 2469.4284643661 39.0665747938 39.0665747938
806 806 806 2494.9251492752 39.2047048460 39.2047048460
815 815 815 2551.9237358885 39.0723297414 39.0723297414
824 824 824 2520.9897463211 38.7159756593 38.7159756593
833 833 833 2494.3364631862 38.2175955899 38.2175955899
842 842 842 2504.4708861914 37.3534747850 37.3534747850
851 851 851 2386.4214542426 36.3612813771 36.3612813771
860 860 860 2353.1865435601 35.2107684195 35.2107684195
869 869 869 2233.3165148171 33.8523166643 33.8523166643
878 878 878 2167.9069144885 32.4315292133 32.4315292133
887 887 887 2075.6193024627 30.8870295586 30.8870295586
896 896 896 1950.9135545100 29.2494269418 29.2494269418
905 905 905 1843.1719160256 27.6925365184 27.6925365184
914 914 914 1747.5350066128 26.0846862294 26.0846862294
923 923 923 1619.7160443505 24.5015402469 24.5015402469
932 932 932 1560.3774591099 23.0206535691 23.0206535691
941 941 941 1436.9985419512 21.6513981753 21.6513981753
950 950 950 1341.0682087395 20.3637033534 20.3637033534
959 959 959 1285.3940358790 19.2600949593 19.2600949593
968 968 968 1233.0321553807 18.2679235451 18.2679235451
977 977 977 1128.8196915673 17.4927348315 17.4927348315
986 986 986 1104.7281622477 16.8663705637 16.8663705637
995 995 995 1087.1729737088 16.3775292384 16.3775292384
1004 1004 1004 1025.1706248220 16.0884739494 16.0884739494
1013 1013 1013 1078.6971611867 15.9115425401 15.9115425401
1022 1022 1022 1031.4324984069 15.8185437553 15.8185437553
1031 1031 1031 1043.6313463163 15.8939898949 15.8939898949
1040 1040 1040 1056.3558184103 16.0610282452 16.0610282452
1049 1049 1049 1080.0414511318 16.2422983647 16.2422983647
1058 1058 1058 1129.3555337617 16.4879639525 16.4879639525
1067 1067 1067 1121.9406844564 16.7531989535 16.7531989535
1076 1076 1076 1153.6934715818 17.0498802446 17.0498802446
1085 1085 1085 1216.7343352684 17.3115888995 17.3115888995
1094 1094 1094 1216.5262211333 17.5230990491 17.5230990491
1103 1103 1103 1210.0365391667 17.6775465890 17.6775465890
1112 1112 1112 1214.2608471903 17.7809285018 17.7809285018
1121 1121 1121 1246.8713312347 17.8379083555 17.8379083555
1130 1130 1130 1235.3937513634 17.8024512947 17.8024512947
1139 1139 1139 1214.6092369599 17.6911999262 17.6911999262
1148 1148 1148 1212.7079406283 17.5284529394 17.5284529394
1157 1157 1157 1220.0401055664 17.2588203982 17.2588203982
1166 1166 1166 1160.0715792141 16.9341617015 16.9341617015
1175 1175 1175 1141.5165769398 16.5694114114 16.5694114114
1184 1184 1184 1133.4451555746 16.1482177267 16.1482177267
1193 1193 1193 1084.9918651195 15.6687583970 15.6687583970
1202 1202 1202 1005.4864846755 15.3912385862 15.3912385862
1211 1211 1211 974.4580607196 14.8767942641 14.8767942641
1220 1220 1220 969.3338351047 14.3938866552 14.3938866552
1229 1229 1229 906.1388002145 13.8699232984 13.8699232984
1238 1238 1238 895.5361701769 13.3911535704 13.3911535704
1247 1247 1247 859.9543854687 12.9850401323 12.9850401323
1256 1256 1256 807.2731052549 12.5972346545 12.5972346545
1265 1265 1265 777.2677379741 12.2393432137 12.2393432137
1274 1274 1274 770.9708788301 11.9622525431 11.9622525431
1283 1283 1283 737.2434059670 11.7421680597 11.7421680597
1292 1292 1292 757.3019526323 11.6258860665 11.6258860665
1301 1301 1301 732.6013830793 11.5263814085 11.5263814085
1310 1310 1310 711.8081140448 11.4853587654 11.4853587654
1319 1319 1319 720.3423646811 11.4893834309 11.4893834309
1328 1328 1328 723.6723735949 11.5423772898 11.5423772898
1337 1337 1337 757.3332661166 11.6347430895 11.6347430895
1346 1346 1346 737.0093026414 11.7846062492 11.7846062492
1355 1355 1355 764.8987403984 11.8889386005 11.8889386005
1364 1364 1364 777.2981387562 12.0331541198 12.0331541198
1373 1373 1373 774.9808177902 12.1961449099 12.1961449099
1382 1382 1382 773.9673197902 12.3755204762 12.3755204762
1391 1391 1391 804.9189713319 12.4817656010 12.4817656010
1400 1400 1400 830.3353342200 12.6001773647 12.6001773647
1409 1409 1409 820.7436709506 12.6782689655 12.6782689655
1418 1418 1418 818.7518842166 12.7104904240 12.7104904240
1427 1427 1427 794.8684096160 12.7158648267 12.7158648267
1436 1436 1436 800.8899436219 12.7247057111 12.7247057111
1445 1445 1445 798.4046282548 12.6651065254 12.6651065254
1454 1454 1454 771.4676341979 12.5486194702 12.5486194702
1463 1463 1463 761.9423212463 12.4375102445 12.4375102445
1472 1472 1472 751.1035809969 12.3029321736 12.3029321736
1481 1481 1481 737.4257098454 12.0923608358 12.0923608358
1490 1490 1490 726.2500951090 11.8944688644 11.8944688644
1499 1499 1499 703.6082061884 11.6962825264 11.6962825264
1512 1512 1512 654.6957819199 9.0983066093 9.0983066093
1529 1529 1529 587.2672476479 8.8880371875 8.8880371875
1546 1546 1546 547.7643842212 8.6954704524 8.6954704524
1563 1563 1563 503.2005914063 8.5528089199 8.5528089199
1580 1580 1580 467.8666031842 8.4549947590 8.4549947590
1597 1597 1597 428.4787162469 8.4200737912 8.4200737912
1614 1614 1614 407.0550124676 8.4434857096 8.4434857096
1631 1631 1631 397.9636838434 8.5165532406 8.5165532406
1648 1648 1648 389.3723870506 8.6278953216 8.6278953216
1665 1665 1665 390.8813810929 8.7712284773 8.7712284773
1682 1682 1682 383.1914038808 8.9218323574 8.9218323574
1699 1699 1699 398.1535358214 9.0947184682 9.0947184682
1716 1716 1716 394.6446766060 9.2576303353 9.2576303353
1733 1733 1733 407.6898924062 9.4228269597 9.4228269597
1750 1750 1750 376.5864450683 9.5655747081 9.5655747081
1767 1767 1767 379.2183875916 9.7076416619 9.7076416619
1784 1784 1784 373.4874357040 9.8181288175 9.8181288175
1801 1801 1801 360.7882030980 9.9347594244 9.9347594244
1818 1818 1818 340.9991546126 10.0286679767 10.0286679767
1835 1835 1835 313.4919834792 10.1557754363 10.1557754363
1852 1852 1852 305.1923555090 10.2735975931 10.2735975931
1869 1869 1869 274.6532679939 10.4121135926 10.4121135926
1886 1886 1886 266.9756981333 10.5472152871 10.5472152871
1903 1903 1903 246.8819761137 10.7078032763 10.7078032763
1920 1920 1920 254.5435898036 10.8958159731 10.8958159731
1937 1937 1937 242.7521231546 11.0894651718 11.0894651718
1954 1954 1954 232.4093962125 11.3213698861 11.3213698861
1971 1971 1971 229.1656540991 11.5519044098 11.5519044098
1988 1988 1988 224.4617444425 11.8095277050 11.8095277050
2005 2005 2005 240.7644137933 12.2472652710 12.2472652710
2030 2030 2030 232.5060464185 11.5228438235 11.5228438235
2063 2063 2063 215.5372327940 11.9478134369 11.9478134369
2096 2096 2096 205.5074559383 12.3783461113 12.3783461113
2129 2129 2129 197.5026361613 12.8371495303 12.8371495303
2162 2162 2162 168.3852645148 13.2996833974 13.2996833974
2195 2195 2195 140.1615091530 13.8109464045 13.8109464045
2228 2228 2228 131.2100686531 14.3839663732 14.3839663732
2261 2261 2261 116.7024965081 14.9849956354 14.9849956354
2294 2294 2294 116.1173566797 15.6732212559 15.6732212559
2327 2327 2327 109.3742099077 16.3867858558 16.3867858558
2360 2360 2360 113.6435649503 17.1643279720 17.1643279720
2393 2393 2393 121.2531589391 18.0297831852 18.0297831852
2426 2426 2426 82.4773933380 18.9227917215 18.9227917215
2459 2459 2459 82.7950724613 19.9408344867 19.9408344867
2492 2492 2492 74.5216417650 21.0478272640 21.0478272640
