   0.8005000E+00   0.1392714E-01
   0.8015000E+00   0.2020513E-01
   0.8025000E+00   0.2119620E-01
   0.8035000E+00   0.2085166E-01
   0.8045000E+00   0.2042844E-01
   0.8055000E+00   0.1998085E-01
   0.8065000E+00   0.1952604E-01
   0.8075000E+00   0.1908410E-01
   0.8085000E+00   0.1864792E-01
   0.8095000E+00   0.1822704E-01
   0.8105000E+00   0.1781956E-01
   0.8115000E+00   0.1742364E-01
   0.8125000E+00   0.1703985E-01
   0.8135000E+00   0.1666309E-01
   0.8145000E+00   0.1629910E-01
   0.8155000E+00   0.1594797E-01
   0.8165000E+00   0.1560757E-01
   0.8175000E+00   0.1528054E-01
   0.8185000E+00   0.1496530E-01
   0.8195000E+00   0.1465915E-01
   0.8205000E+00   0.1436333E-01
   0.8215000E+00   0.1407901E-01
   0.8225000E+00   0.1380443E-01
   0.8235000E+00   0.1353951E-01
   0.8245000E+00   0.1328499E-01
   0.8255000E+00   0.1304088E-01
   0.8265000E+00   0.1280710E-01
   0.8275000E+00   0.1258336E-01
   0.8285000E+00   0.1236788E-01
   0.8295000E+00   0.1215896E-01
   0.8305000E+00   0.1195811E-01
   0.8315000E+00   0.1176677E-01
   0.8325000E+00   0.1158300E-01
   0.8335000E+00   0.1140654E-01
   0.8345000E+00   0.1123994E-01
   0.8355000E+00   0.1108081E-01
   0.8365000E+00   0.1092739E-01
   0.8375000E+00   0.1078123E-01
   0.8385000E+00   0.1064241E-01
   0.8395000E+00   0.1051102E-01
   0.8405000E+00   0.1038566E-01
   0.8415000E+00   0.1026696E-01
   0.8425000E+00   0.1015599E-01
   0.8435000E+00   0.1004886E-01
   0.8445000E+00   0.9950442E-02
   0.8455000E+00   0.9856004E-02
   0.8465000E+00   0.9765738E-02
   0.8475000E+00   0.9682055E-02
   0.8485000E+00   0.9603697E-02
   0.8495000E+00   0.9530771E-02
   0.8505000E+00   0.9463478E-02
   0.8515000E+00   0.9402674E-02
   0.8525000E+00   0.9347799E-02
   0.8535000E+00   0.9296327E-02
   0.8545000E+00   0.9250480E-02
   0.8555000E+00   0.9210429E-02
   0.8565000E+00   0.9174918E-02
   0.8575000E+00   0.9147123E-02
   0.8585000E+00   0.9122406E-02
   0.8595000E+00   0.9103822E-02
   0.8605000E+00   0.9090245E-02
   0.8615000E+00   0.9081041E-02
   0.8625000E+00   0.9076809E-02
   0.8635000E+00   0.9077400E-02
   0.8645000E+00   0.9083459E-02
   0.8655000E+00   0.9094828E-02
   0.8665000E+00   0.9110395E-02
   0.8675000E+00   0.9132185E-02
   0.8685000E+00   0.9159517E-02
   0.8695000E+00   0.9192707E-02
   0.8705000E+00   0.9230652E-02
   0.8715000E+00   0.9273535E-02
   0.8725000E+00   0.9322101E-02
   0.8735000E+00   0.9376939E-02
   0.8745000E+00   0.9438539E-02
   0.8755000E+00   0.9505791E-02
   0.8765000E+00   0.9578692E-02
   0.8775000E+00   0.9657604E-02
   0.8785000E+00   0.9741557E-02
   0.8795000E+00   0.9831462E-02
   0.8805000E+00   0.9928033E-02
   0.8815000E+00   0.1003212E-01
   0.8825000E+00   0.1014304E-01
   0.8835000E+00   0.1025988E-01
   0.8845000E+00   0.1038490E-01
   0.8855000E+00   0.1051727E-01
   0.8865000E+00   0.1065837E-01
   0.8875000E+00   0.1080841E-01
   0.8885000E+00   0.1096497E-01
   0.8895000E+00   0.1112934E-01
   0.8905000E+00   0.1130320E-01
   0.8915000E+00   0.1148734E-01
   0.8925000E+00   0.1168275E-01
   0.8935000E+00   0.1188523E-01
   0.8945000E+00   0.1210017E-01
   0.8955000E+00   0.1232233E-01
   0.8965000E+00   0.1255492E-01
   0.8975000E+00   0.1279962E-01
   0.8985000E+00   0.1305630E-01
   0.8995000E+00   0.1332614E-01
   0.9005000E+00   0.1360915E-01
   0.9015000E+00   0.1390448E-01
   0.9025000E+00   0.1421458E-01
   0.9035000E+00   0.1453894E-01
   0.9045000E+00   0.1488101E-01
   0.9055000E+00   0.1524073E-01
   0.9065000E+00   0.1561443E-01
   0.9075000E+00   0.1600755E-01
   0.9085000E+00   0.1641790E-01
   0.9095000E+00   0.1685079E-01
   0.9105000E+00   0.1730600E-01
   0.9115000E+00   0.1778167E-01
   0.9125000E+00   0.1827926E-01
   0.9135000E+00   0.1879564E-01
   0.9145000E+00   0.1933551E-01
   0.9155000E+00   0.1990157E-01
   0.9165000E+00   0.2049601E-01
   0.9175000E+00   0.2112057E-01
   0.9185000E+00   0.2177526E-01
   0.9195000E+00   0.2245741E-01
   0.9205000E+00   0.2317365E-01
   0.9215000E+00   0.2392584E-01
   0.9225000E+00   0.2471543E-01
   0.9235000E+00   0.2554528E-01
   0.9245000E+00   0.2641605E-01
   0.9255000E+00   0.2732500E-01
   0.9265000E+00   0.2827888E-01
   0.9275000E+00   0.2928357E-01
   0.9285000E+00   0.3033962E-01
   0.9295000E+00   0.3144885E-01
   0.9305000E+00   0.3261317E-01
   0.9315000E+00   0.3382854E-01
   0.9325000E+00   0.3509643E-01
   0.9335000E+00   0.3642703E-01
   0.9345000E+00   0.3783067E-01
   0.9355000E+00   0.3930665E-01
   0.9365000E+00   0.4085527E-01
   0.9375000E+00   0.4248273E-01
   0.9385000E+00   0.4418390E-01
   0.9395000E+00   0.4597465E-01
   0.9405000E+00   0.4785315E-01
   0.9415000E+00   0.4983091E-01
   0.9425000E+00   0.5191858E-01
   0.9435000E+00   0.5409740E-01
   0.9445000E+00   0.5638909E-01
   0.9455000E+00   0.5879233E-01
   0.9465000E+00   0.6132103E-01
   0.9475000E+00   0.6398560E-01
   0.9485000E+00   0.6678341E-01
   0.9495000E+00   0.6972316E-01
   0.9505000E+00   0.7278321E-01
   0.9515000E+00   0.7598901E-01
   0.9525000E+00   0.7936026E-01
   0.9535000E+00   0.8289805E-01
   0.9545000E+00   0.8661918E-01
   0.9555000E+00   0.9051346E-01
   0.9565000E+00   0.9458247E-01
   0.9575000E+00   0.9884839E-01
   0.9585000E+00   0.1032996E+00
   0.9595000E+00   0.1079660E+00
   0.9605000E+00   0.1128555E+00
   0.9615000E+00   0.1179750E+00
   0.9625000E+00   0.1233258E+00
   0.9635000E+00   0.1288942E+00
   0.9645000E+00   0.1347150E+00
   0.9655000E+00   0.1407933E+00
   0.9665000E+00   0.1471389E+00
   0.9675000E+00   0.1537850E+00
   0.9685000E+00   0.1607217E+00
   0.9695000E+00   0.1679007E+00
   0.9705000E+00   0.1753566E+00
   0.9715000E+00   0.1831331E+00
   0.9725000E+00   0.1912420E+00
   0.9735000E+00   0.1996850E+00
   0.9745000E+00   0.2084466E+00
   0.9755000E+00   0.2175603E+00
   0.9765000E+00   0.2269807E+00
   0.9775000E+00   0.2367487E+00
   0.9785000E+00   0.2468653E+00
   0.9795000E+00   0.2573276E+00
   0.9805000E+00   0.2681604E+00
   0.9815000E+00   0.2793764E+00
   0.9825000E+00   0.2909080E+00
   0.9835000E+00   0.3027787E+00
   0.9845000E+00   0.3149999E+00
   0.9855000E+00   0.3275554E+00
   0.9865000E+00   0.3404731E+00
   0.9875000E+00   0.3537838E+00
   0.9885000E+00   0.3674132E+00
   0.9895000E+00   0.3812915E+00
   0.9905000E+00   0.3954513E+00
   0.9915000E+00   0.4099573E+00
   0.9925000E+00   0.4248287E+00
   0.9935000E+00   0.4398915E+00
   0.9945000E+00   0.4553187E+00
   0.9955000E+00   0.4709795E+00
   0.9965000E+00   0.4868407E+00
   0.9975000E+00   0.5029630E+00
   0.9985000E+00   0.5192735E+00
   0.9995000E+00   0.5357839E+00
   0.1000500E+01   0.5525048E+00
   0.1001500E+01   0.5694275E+00
   0.1002500E+01   0.5864616E+00
   0.1003500E+01   0.6035454E+00
   0.1004500E+01   0.6206843E+00
   0.1005500E+01   0.6378554E+00
   0.1006500E+01   0.6549782E+00
   0.1007500E+01   0.6723188E+00
   0.1008500E+01   0.6894395E+00
   0.1009500E+01   0.7064206E+00
   0.1010500E+01   0.7232587E+00
   0.1011500E+01   0.7399156E+00
   0.1012500E+01   0.7563797E+00
   0.1013500E+01   0.7725697E+00
   0.1014500E+01   0.7884911E+00
   0.1015500E+01   0.8041444E+00
   0.1016500E+01   0.8193292E+00
   0.1017500E+01   0.8341110E+00
   0.1018500E+01   0.8484394E+00
   0.1019500E+01   0.8622105E+00
   0.1020500E+01   0.8754862E+00
   0.1021500E+01   0.8882342E+00
   0.1022500E+01   0.9003437E+00
   0.1023500E+01   0.9118209E+00
   0.1024500E+01   0.9226109E+00
   0.1025500E+01   0.9326465E+00
   0.1026500E+01   0.9419708E+00
   0.1027500E+01   0.9506923E+00
   0.1028500E+01   0.9587299E+00
   0.1029500E+01   0.9660608E+00
   0.1030500E+01   0.9726880E+00
   0.1031500E+01   0.9786299E+00
   0.1032500E+01   0.9838272E+00
   0.1033500E+01   0.9882384E+00
   0.1034500E+01   0.9920123E+00
   0.1035500E+01   0.9950751E+00
   0.1036500E+01   0.9974360E+00
   0.1037500E+01   0.9990224E+00
   0.1038500E+01   0.9998455E+00
   0.1039500E+01   0.1000000E+01
   0.1040500E+01   0.9993219E+00
   0.1041500E+01   0.9979075E+00
   0.1042500E+01   0.9958316E+00
   0.1043500E+01   0.9928549E+00
   0.1044500E+01   0.9893130E+00
   0.1045500E+01   0.9848546E+00
   0.1046500E+01   0.9796219E+00
   0.1047500E+01   0.9737009E+00
   0.1048500E+01   0.9670639E+00
   0.1049500E+01   0.9597836E+00
   0.1050500E+01   0.9519708E+00
   0.1051500E+01   0.9435500E+00
   0.1052500E+01   0.9345438E+00
   0.1053500E+01   0.9248688E+00
   0.1054500E+01   0.9146642E+00
   0.1055500E+01   0.9040239E+00
   0.1056500E+01   0.8928261E+00
   0.1057500E+01   0.8814271E+00
   0.1058500E+01   0.8694161E+00
   0.1059500E+01   0.8570845E+00
   0.1060500E+01   0.8444450E+00
   0.1061500E+01   0.8314414E+00
   0.1062500E+01   0.8181222E+00
   0.1063500E+01   0.8045700E+00
   0.1064500E+01   0.7908311E+00
   0.1065500E+01   0.7768869E+00
   0.1066500E+01   0.7627214E+00
   0.1067500E+01   0.7484385E+00
   0.1068500E+01   0.7339983E+00
   0.1069500E+01   0.7194657E+00
   0.1070500E+01   0.7049055E+00
   0.1071500E+01   0.6904463E+00
   0.1072500E+01   0.6760361E+00
   0.1073500E+01   0.6616081E+00
   0.1074500E+01   0.6472326E+00
   0.1075500E+01   0.6328420E+00
   0.1076500E+01   0.6185426E+00
   0.1077500E+01   0.6043703E+00
   0.1078500E+01   0.5903013E+00
   0.1079500E+01   0.5763659E+00
   0.1080500E+01   0.5625390E+00
   0.1081500E+01   0.5488876E+00
   0.1082500E+01   0.5353603E+00
   0.1083500E+01   0.5219516E+00
   0.1084500E+01   0.5087024E+00
   0.1085500E+01   0.4956203E+00
   0.1086500E+01   0.4827504E+00
   0.1087500E+01   0.4700321E+00
   0.1088500E+01   0.4575021E+00
   0.1089500E+01   0.4451664E+00
   0.1090500E+01   0.4330173E+00
   0.1091500E+01   0.4210686E+00
   0.1092500E+01   0.4094045E+00
   0.1093500E+01   0.3979980E+00
   0.1094500E+01   0.3869009E+00
   0.1095500E+01   0.3760191E+00
   0.1096500E+01   0.3653691E+00
   0.1097500E+01   0.3549424E+00
   0.1098500E+01   0.3447784E+00
   0.1099500E+01   0.3348670E+00
   0.1100500E+01   0.3252444E+00
   0.1101500E+01   0.3158973E+00
   0.1102500E+01   0.3068035E+00
   0.1103500E+01   0.2979638E+00
   0.1104500E+01   0.2893892E+00
   0.1105500E+01   0.2810391E+00
   0.1106500E+01   0.2728909E+00
   0.1107500E+01   0.2650220E+00
   0.1108500E+01   0.2573432E+00
   0.1109500E+01   0.2498786E+00
   0.1110500E+01   0.2426917E+00
   0.1111500E+01   0.2356637E+00
   0.1112500E+01   0.2288381E+00
   0.1113500E+01   0.2221881E+00
   0.1114500E+01   0.2157523E+00
   0.1115500E+01   0.2095439E+00
   0.1116500E+01   0.2035315E+00
   0.1117500E+01   0.1977004E+00
   0.1118500E+01   0.1920342E+00
   0.1119500E+01   0.1865109E+00
   0.1120500E+01   0.1811574E+00
   0.1121500E+01   0.1759667E+00
   0.1122500E+01   0.1709423E+00
   0.1123500E+01   0.1660862E+00
   0.1124500E+01   0.1613874E+00
   0.1125500E+01   0.1568381E+00
   0.1126500E+01   0.1524397E+00
   0.1127500E+01   0.1481871E+00
   0.1128500E+01   0.1440564E+00
   0.1129500E+01   0.1400607E+00
   0.1130500E+01   0.1362056E+00
   0.1131500E+01   0.1324722E+00
   0.1132500E+01   0.1288666E+00
   0.1133500E+01   0.1253833E+00
   0.1134500E+01   0.1220197E+00
   0.1135500E+01   0.1187599E+00
   0.1136500E+01   0.1156046E+00
   0.1137500E+01   0.1125721E+00
   0.1138500E+01   0.1096512E+00
   0.1139500E+01   0.1068311E+00
   0.1140500E+01   0.1040966E+00
   0.1141500E+01   0.1014468E+00
   0.1142500E+01   0.9887045E-01
   0.1143500E+01   0.9636491E-01
   0.1144500E+01   0.9394799E-01
   0.1145500E+01   0.9161077E-01
   0.1146500E+01   0.8935635E-01
   0.1147500E+01   0.8717581E-01
   0.1148500E+01   0.8506508E-01
   0.1149500E+01   0.8302673E-01
   0.1150500E+01   0.8105455E-01
   0.1151500E+01   0.7913993E-01
   0.1152500E+01   0.7729036E-01
   0.1153500E+01   0.7550033E-01
   0.1154500E+01   0.7377202E-01
   0.1155500E+01   0.7210353E-01
   0.1156500E+01   0.7049064E-01
   0.1157500E+01   0.6893939E-01
   0.1158500E+01   0.6742910E-01
   0.1159500E+01   0.6597073E-01
   0.1160500E+01   0.6456785E-01
   0.1161500E+01   0.6321563E-01
   0.1162500E+01   0.6190855E-01
   0.1163500E+01   0.6064125E-01
   0.1164500E+01   0.5941194E-01
   0.1165500E+01   0.5821236E-01
   0.1166500E+01   0.5704827E-01
   0.1167500E+01   0.5592231E-01
   0.1168500E+01   0.5483462E-01
   0.1169500E+01   0.5378617E-01
   0.1170500E+01   0.5277313E-01
   0.1171500E+01   0.5179341E-01
   0.1172500E+01   0.5084898E-01
   0.1173500E+01   0.4993750E-01
   0.1174500E+01   0.4905688E-01
   0.1175500E+01   0.4820554E-01
   0.1176500E+01   0.4738379E-01
   0.1177500E+01   0.4659078E-01
   0.1178500E+01   0.4582673E-01
   0.1179500E+01   0.4509131E-01
   0.1180500E+01   0.4438319E-01
   0.1181500E+01   0.4369992E-01
   0.1182500E+01   0.4303709E-01
   0.1183500E+01   0.4239788E-01
   0.1184500E+01   0.4178409E-01
   0.1185500E+01   0.4119251E-01
   0.1186500E+01   0.4061890E-01
   0.1187500E+01   0.4006433E-01
   0.1188500E+01   0.3952431E-01
   0.1189500E+01   0.3899687E-01
   0.1190500E+01   0.3848424E-01
   0.1191500E+01   0.3799094E-01
   0.1192500E+01   0.3751734E-01
   0.1193500E+01   0.3706046E-01
   0.1194500E+01   0.3662168E-01
   0.1195500E+01   0.3619698E-01
   0.1196500E+01   0.3578965E-01
   0.1197500E+01   0.3539895E-01
   0.1198500E+01   0.3502188E-01
